   9.0017     0.0000   0.105115E+05   0.285574E+01   0.000000E+00   0.299999E+01   0.300000E+01   0.000000E+00   0.153878E-06   0.507217E-05   0.799998E+02   0.213467E+06
   9.0833     0.0833   0.105116E+05   0.824780E+01   0.000000E+00   0.407147E+00   0.409420E+00   0.000000E+00   0.344692E-04   0.118955E-03   0.799788E+02   0.461551E+06
   9.1667     0.1667   0.105116E+05   0.899483E+01   0.000000E+00   0.210360E-01   0.212681E-01   0.000000E+00   0.305898E-04   0.109467E-03   0.799529E+02   0.472397E+06
   9.2500     0.2500   0.105116E+05   0.900941E+01   0.000000E+00   0.158193E-01   0.160156E-01   0.000000E+00   0.253928E-04   0.973499E-04   0.799270E+02   0.482597E+06
   9.3333     0.3333   0.105116E+05   0.901438E+01   0.000000E+00   0.157835E-01   0.159813E-01   0.000000E+00   0.216103E-04   0.883576E-04   0.799010E+02   0.492881E+06
   9.4167     0.4167   0.105116E+05   0.901937E+01   0.000000E+00   0.157825E-01   0.159820E-01   0.000000E+00   0.187152E-04   0.812636E-04   0.798749E+02   0.503042E+06
   9.5000     0.5000   0.105116E+05   0.902445E+01   0.000000E+00   0.157817E-01   0.159829E-01   0.000000E+00   0.163777E-04   0.752563E-04   0.798488E+02   0.513032E+06
   9.5833     0.5833   0.105116E+05   0.902962E+01   0.000000E+00   0.157808E-01   0.159838E-01   0.000000E+00   0.144076E-04   0.698527E-04   0.798226E+02   0.522831E+06
   9.6667     0.6667   0.105116E+05   0.903486E+01   0.000000E+00   0.157799E-01   0.159847E-01   0.000000E+00   0.126965E-04   0.647848E-04   0.797964E+02   0.532431E+06
   9.7500     0.7500   0.105116E+05   0.904019E+01   0.000000E+00   0.157790E-01   0.159856E-01   0.000000E+00   0.111827E-04   0.599197E-04   0.797701E+02   0.541824E+06
   9.8333     0.8333   0.105116E+05   0.904559E+01   0.000000E+00   0.157781E-01   0.159865E-01   0.000000E+00   0.983084E-05   0.552063E-04   0.797439E+02   0.551004E+06
   9.9167     0.9167   0.105116E+05   0.905107E+01   0.000000E+00   0.157772E-01   0.159875E-01   0.000000E+00   0.861958E-05   0.506391E-04   0.797176E+02   0.559968E+06
  10.0000     1.0000   0.105116E+05   0.905662E+01   0.000000E+00   0.157762E-01   0.159884E-01   0.000000E+00   0.753502E-05   0.462361E-04   0.796913E+02   0.568708E+06
  10.0833     1.0833   0.105116E+05   0.906223E+01   0.000000E+00   0.157752E-01   0.159893E-01   0.000000E+00   0.656679E-05   0.420243E-04   0.796651E+02   0.577220E+06
  10.1667     1.1667   0.105116E+05   0.906792E+01   0.000000E+00   0.157742E-01   0.159902E-01   0.000000E+00   0.570612E-05   0.380311E-04   0.796388E+02   0.585499E+06
  10.2500     1.2500   0.105116E+05   0.907366E+01   0.000000E+00   0.157732E-01   0.159911E-01   0.000000E+00   0.494479E-05   0.342795E-04   0.796126E+02   0.593546E+06
  10.3333     1.3333   0.105116E+05   0.907946E+01   0.000000E+00   0.157721E-01   0.159920E-01   0.000000E+00   0.427474E-05   0.307870E-04   0.795864E+02   0.601344E+06
  10.4167     1.4167   0.105116E+05   0.908532E+01   0.000000E+00   0.157711E-01   0.159930E-01   0.000000E+00   0.368817E-05   0.275645E-04   0.795602E+02   0.608893E+06
  10.5000     1.5000   0.105116E+05   0.909123E+01   0.000000E+00   0.157700E-01   0.159939E-01   0.000000E+00   0.317722E-05   0.246154E-04   0.795341E+02   0.616188E+06
  10.5833     1.5833   0.105116E+05   0.909719E+01   0.000000E+00   0.157688E-01   0.159948E-01   0.000000E+00   0.273425E-05   0.219374E-04   0.795080E+02   0.623223E+06
  10.6667     1.6667   0.105116E+05   0.910320E+01   0.000000E+00   0.157677E-01   0.159957E-01   0.000000E+00   0.235193E-05   0.195229E-04   0.794819E+02   0.629993E+06
  10.7500     1.7500   0.105116E+05   0.910925E+01   0.000000E+00   0.157666E-01   0.159966E-01   0.000000E+00   0.202329E-05   0.173604E-04   0.794559E+02   0.636491E+06
  10.8333     1.8333   0.105116E+05   0.911533E+01   0.000000E+00   0.157654E-01   0.159975E-01   0.000000E+00   0.174184E-05   0.154355E-04   0.794300E+02   0.642714E+06
  10.9167     1.9167   0.105116E+05   0.912146E+01   0.000000E+00   0.157642E-01   0.159984E-01   0.000000E+00   0.150160E-05   0.137316E-04   0.794042E+02   0.648653E+06
  11.0000     2.0000   0.105116E+05   0.912762E+01   0.000000E+00   0.157630E-01   0.159993E-01   0.000000E+00   0.129710E-05   0.122309E-04   0.793784E+02   0.654304E+06
  11.0833     2.0833   0.105116E+05   0.913381E+01   0.000000E+00   0.157618E-01   0.160001E-01   0.000000E+00   0.112344E-05   0.109151E-04   0.793526E+02   0.659661E+06
  11.1667     2.1667   0.105116E+05   0.914003E+01   0.000000E+00   0.157605E-01   0.160010E-01   0.000000E+00   0.976231E-06   0.976596E-05   0.793270E+02   0.664717E+06
  11.2500     2.2500   0.105116E+05   0.914627E+01   0.000000E+00   0.157593E-01   0.160019E-01   0.000000E+00   0.851594E-06   0.876561E-05   0.793015E+02   0.669467E+06
  11.3333     2.3333   0.105116E+05   0.915253E+01   0.000000E+00   0.157580E-01   0.160027E-01   0.000000E+00   0.746163E-06   0.789744E-05   0.792760E+02   0.673903E+06
  11.4167     2.4167   0.105116E+05   0.915881E+01   0.000000E+00   0.157567E-01   0.160036E-01   0.000000E+00   0.656959E-06   0.714533E-05   0.792507E+02   0.678020E+06
  11.5000     2.5000   0.105116E+05   0.916511E+01   0.000000E+00   0.157554E-01   0.160044E-01   0.000000E+00   0.581451E-06   0.649477E-05   0.792254E+02   0.681814E+06
  11.5833     2.5833   0.105116E+05   0.917141E+01   0.000000E+00   0.157541E-01   0.160052E-01   0.000000E+00   0.517419E-06   0.593213E-05   0.792003E+02   0.685278E+06
  11.6667     2.6667   0.105116E+05   0.917772E+01   0.000000E+00   0.157528E-01   0.160060E-01   0.000000E+00   0.463035E-06   0.544577E-05   0.791752E+02   0.688403E+06
  11.7500     2.7500   0.105116E+05   0.918403E+01   0.000000E+00   0.157514E-01   0.160068E-01   0.000000E+00   0.416702E-06   0.502478E-05   0.791504E+02   0.691188E+06
  11.8333     2.8333   0.105116E+05   0.919035E+01   0.000000E+00   0.157500E-01   0.160076E-01   0.000000E+00   0.377094E-06   0.465980E-05   0.791256E+02   0.693623E+06
  11.9167     2.9167   0.105116E+05   0.919666E+01   0.000000E+00   0.157487E-01   0.160084E-01   0.000000E+00   0.343087E-06   0.434246E-05   0.791010E+02   0.695706E+06
  12.0000     3.0000   0.105116E+05   0.920297E+01   0.000000E+00   0.157473E-01   0.160092E-01   0.000000E+00   0.313751E-06   0.406566E-05   0.790765E+02   0.697427E+06
  12.0833     3.0833   0.105116E+05   0.920926E+01   0.000000E+00   0.157459E-01   0.160099E-01   0.000000E+00   0.288312E-06   0.382321E-05   0.790521E+02   0.698784E+06
  12.1667     3.1667   0.105116E+05   0.921555E+01   0.000000E+00   0.157444E-01   0.160106E-01   0.000000E+00   0.266128E-06   0.360988E-05   0.790279E+02   0.699768E+06
  12.2500     3.2500   0.105116E+05   0.922181E+01   0.000000E+00   0.157430E-01   0.160114E-01   0.000000E+00   0.246664E-06   0.342113E-05   0.790039E+02   0.700376E+06
  12.3333     3.3333   0.105116E+05   0.922806E+01   0.000000E+00   0.157415E-01   0.160121E-01   0.000000E+00   0.229481E-06   0.325314E-05   0.789801E+02   0.700601E+06
  12.4167     3.4167   0.105116E+05   0.923429E+01   0.000000E+00   0.157401E-01   0.160127E-01   0.000000E+00   0.214217E-06   0.310272E-05   0.789564E+02   0.700438E+06
  12.5000     3.5000   0.105116E+05   0.924049E+01   0.000000E+00   0.157386E-01   0.160134E-01   0.000000E+00   0.200572E-06   0.296715E-05   0.789329E+02   0.699882E+06
  12.5833     3.5833   0.105116E+05   0.924665E+01   0.000000E+00   0.157371E-01   0.160140E-01   0.000000E+00   0.188306E-06   0.284424E-05   0.789096E+02   0.698928E+06
  12.6667     3.6667   0.105116E+05   0.925279E+01   0.000000E+00   0.157356E-01   0.160147E-01   0.000000E+00   0.177211E-06   0.273206E-05   0.788865E+02   0.697570E+06
  12.7500     3.7500   0.105116E+05   0.925889E+01   0.000000E+00   0.157341E-01   0.160153E-01   0.000000E+00   0.167124E-06   0.262906E-05   0.788636E+02   0.695805E+06
  12.8333     3.8333   0.105116E+05   0.926495E+01   0.000000E+00   0.157325E-01   0.160159E-01   0.000000E+00   0.157905E-06   0.253392E-05   0.788409E+02   0.693626E+06
  12.9167     3.9167   0.105116E+05   0.927097E+01   0.000000E+00   0.157310E-01   0.160164E-01   0.000000E+00   0.149441E-06   0.244557E-05   0.788184E+02   0.691030E+06
  13.0000     4.0000   0.105116E+05   0.927694E+01   0.000000E+00   0.157294E-01   0.160170E-01   0.000000E+00   0.141635E-06   0.236312E-05   0.787961E+02   0.688013E+06
  13.0833     4.0833   0.105116E+05   0.928286E+01   0.000000E+00   0.157278E-01   0.160175E-01   0.000000E+00   0.134409E-06   0.228580E-05   0.787741E+02   0.684570E+06
  13.1667     4.1667   0.105116E+05   0.928873E+01   0.000000E+00   0.157262E-01   0.160180E-01   0.000000E+00   0.127696E-06   0.221300E-05   0.787523E+02   0.680699E+06
  13.2500     4.2500   0.105116E+05   0.929454E+01   0.000000E+00   0.157246E-01   0.160185E-01   0.000000E+00   0.121440E-06   0.214419E-05   0.787308E+02   0.676395E+06
  13.3333     4.3333   0.105116E+05   0.930030E+01   0.000000E+00   0.157230E-01   0.160190E-01   0.000000E+00   0.115593E-06   0.207894E-05   0.787095E+02   0.671655E+06
  13.4167     4.4167   0.105116E+05   0.930599E+01   0.000000E+00   0.157214E-01   0.160194E-01   0.000000E+00   0.110115E-06   0.201689E-05   0.786885E+02   0.666476E+06
  13.5000     4.5000   0.105116E+05   0.931162E+01   0.000000E+00   0.157197E-01   0.160198E-01   0.000000E+00   0.104969E-06   0.195771E-05   0.786678E+02   0.660858E+06
  13.5833     4.5833   0.105116E+05   0.931718E+01   0.000000E+00   0.157181E-01   0.160202E-01   0.000000E+00   0.100127E-06   0.190115E-05   0.786474E+02   0.654796E+06
  13.6667     4.6667   0.105116E+05   0.932266E+01   0.000000E+00   0.157164E-01   0.160206E-01   0.000000E+00   0.955629E-07   0.184701E-05   0.786272E+02   0.648295E+06
  13.7500     4.7500   0.105116E+05   0.932808E+01   0.000000E+00   0.157147E-01   0.160209E-01   0.000000E+00   0.912504E-07   0.179504E-05   0.786073E+02   0.641345E+06
  13.8333     4.8333   0.105116E+05   0.933341E+01   0.000000E+00   0.157130E-01   0.160212E-01   0.000000E+00   0.871704E-07   0.174509E-05   0.785878E+02   0.633950E+06
  13.9167     4.9167   0.105116E+05   0.933867E+01   0.000000E+00   0.157113E-01   0.160215E-01   0.000000E+00   0.833049E-07   0.169701E-05   0.785685E+02   0.626110E+06
  14.0000     5.0000   0.105116E+05   0.934384E+01   0.000000E+00   0.157096E-01   0.160217E-01   0.000000E+00   0.796374E-07   0.165067E-05   0.785496E+02   0.617827E+06
  14.0833     5.0833   0.105116E+05   0.934892E+01   0.000000E+00   0.157079E-01   0.160219E-01   0.000000E+00   0.761533E-07   0.160596E-05   0.785310E+02   0.609102E+06
  14.1667     5.1667   0.105116E+05   0.935392E+01   0.000000E+00   0.157061E-01   0.160221E-01   0.000000E+00   0.728394E-07   0.156276E-05   0.785128E+02   0.599938E+06
  14.2500     5.2500   0.105116E+05   0.935882E+01   0.000000E+00   0.157043E-01   0.160223E-01   0.000000E+00   0.696833E-07   0.152099E-05   0.784949E+02   0.590338E+06
  14.3333     5.3333   0.105116E+05   0.936363E+01   0.000000E+00   0.157026E-01   0.160224E-01   0.000000E+00   0.666742E-07   0.148055E-05   0.784773E+02   0.580305E+06
  14.4167     5.4167   0.105116E+05   0.936834E+01   0.000000E+00   0.157008E-01   0.160225E-01   0.000000E+00   0.638030E-07   0.144136E-05   0.784601E+02   0.569849E+06
  14.5000     5.5000   0.105116E+05   0.937296E+01   0.000000E+00   0.156990E-01   0.160225E-01   0.000000E+00   0.610587E-07   0.140335E-05   0.784432E+02   0.558970E+06
  14.5833     5.5833   0.105116E+05   0.937747E+01   0.000000E+00   0.156972E-01   0.160225E-01   0.000000E+00   0.584325E-07   0.136644E-05   0.784268E+02   0.547676E+06
  14.6667     5.6667   0.105116E+05   0.938187E+01   0.000000E+00   0.156953E-01   0.160225E-01   0.000000E+00   0.559176E-07   0.133056E-05   0.784107E+02   0.535978E+06
  14.7500     5.7500   0.105116E+05   0.938617E+01   0.000000E+00   0.156935E-01   0.160225E-01   0.000000E+00   0.535065E-07   0.129565E-05   0.783950E+02   0.523885E+06
  14.8333     5.8333   0.105116E+05   0.939035E+01   0.000000E+00   0.156916E-01   0.160224E-01   0.000000E+00   0.511923E-07   0.126167E-05   0.783797E+02   0.511408E+06
  14.9167     5.9167   0.105116E+05   0.939443E+01   0.000000E+00   0.156897E-01   0.160223E-01   0.000000E+00   0.489685E-07   0.122855E-05   0.783648E+02   0.498560E+06
  15.0000     6.0000   0.105116E+05   0.939839E+01   0.000000E+00   0.156879E-01   0.160221E-01   0.000000E+00   0.468294E-07   0.119623E-05   0.783503E+02   0.485355E+06
  15.0833     6.0833   0.105116E+05   0.940224E+01   0.000000E+00   0.156860E-01   0.160219E-01   0.000000E+00   0.447693E-07   0.116466E-05   0.783362E+02   0.471807E+06
  15.1667     6.1667   0.105116E+05   0.940597E+01   0.000000E+00   0.156840E-01   0.160216E-01   0.000000E+00   0.427832E-07   0.113381E-05   0.783226E+02   0.457936E+06
  15.2500     6.2500   0.105116E+05   0.940958E+01   0.000000E+00   0.156821E-01   0.160213E-01   0.000000E+00   0.408663E-07   0.110360E-05   0.783094E+02   0.443759E+06
  15.3333     6.3333   0.105116E+05   0.941307E+01   0.000000E+00   0.156802E-01   0.160210E-01   0.000000E+00   0.390140E-07   0.107401E-05   0.782965E+02   0.429298E+06
  15.4167     6.4167   0.105116E+05   0.941644E+01   0.000000E+00   0.156782E-01   0.160206E-01   0.000000E+00   0.372221E-07   0.104498E-05   0.782842E+02   0.414576E+06
  15.5000     6.5000   0.105116E+05   0.941968E+01   0.000000E+00   0.156762E-01   0.160202E-01   0.000000E+00   0.354868E-07   0.101647E-05   0.782722E+02   0.399618E+06
  15.5833     6.5833   0.105116E+05   0.942280E+01   0.000000E+00   0.156742E-01   0.160197E-01   0.000000E+00   0.338044E-07   0.988443E-06   0.782607E+02   0.384450E+06
  15.6667     6.6667   0.105116E+05   0.942580E+01   0.000000E+00   0.156722E-01   0.160192E-01   0.000000E+00   0.321722E-07   0.960852E-06   0.782496E+02   0.369106E+06
  15.7500     6.7500   0.105116E+05   0.942867E+01   0.000000E+00   0.156702E-01   0.160186E-01   0.000000E+00   0.305850E-07   0.933643E-06   0.782390E+02   0.353607E+06
  15.8333     6.8333   0.105116E+05   0.943141E+01   0.000000E+00   0.156682E-01   0.160180E-01   0.000000E+00   0.290415E-07   0.906780E-06   0.782288E+02   0.337995E+06
  15.9167     6.9167   0.105116E+05   0.943403E+01   0.000000E+00   0.156661E-01   0.160173E-01   0.000000E+00   0.275389E-07   0.880230E-06   0.782191E+02   0.322305E+06
  16.0000     7.0000   0.105116E+05   0.943652E+01   0.000000E+00   0.156640E-01   0.160166E-01   0.000000E+00   0.260764E-07   0.853972E-06   0.782098E+02   0.306580E+06
  16.0833     7.0833   0.105116E+05   0.943889E+01   0.000000E+00   0.156619E-01   0.160158E-01   0.000000E+00   0.246480E-07   0.827920E-06   0.782009E+02   0.290845E+06
  16.1667     7.1667   0.105116E+05   0.944113E+01   0.000000E+00   0.156598E-01   0.160150E-01   0.000000E+00   0.232533E-07   0.802041E-06   0.781925E+02   0.275149E+06
  16.2500     7.2500   0.105116E+05   0.944324E+01   0.000000E+00   0.156577E-01   0.160141E-01   0.000000E+00   0.218894E-07   0.776276E-06   0.781845E+02   0.259531E+06
  16.3333     7.3333   0.105116E+05   0.944524E+01   0.000000E+00   0.156556E-01   0.160132E-01   0.000000E+00   0.205568E-07   0.750617E-06   0.781770E+02   0.244043E+06
  16.4167     7.4167   0.105116E+05   0.944711E+01   0.000000E+00   0.156534E-01   0.160122E-01   0.000000E+00   0.192525E-07   0.725021E-06   0.781698E+02   0.228730E+06
  16.5000     7.5000   0.105116E+05   0.944886E+01   0.000000E+00   0.156512E-01   0.160111E-01   0.000000E+00   0.179776E-07   0.699408E-06   0.781631E+02   0.213632E+06
  16.5833     7.5833   0.105116E+05   0.945050E+01   0.000000E+00   0.156490E-01   0.160100E-01   0.000000E+00   0.167297E-07   0.673766E-06   0.781568E+02   0.198804E+06
  16.6667     7.6667   0.105116E+05   0.945202E+01   0.000000E+00   0.156468E-01   0.160088E-01   0.000000E+00   0.155102E-07   0.648045E-06   0.781509E+02   0.184292E+06
  16.7500     7.7500   0.105116E+05   0.945343E+01   0.000000E+00   0.156446E-01   0.160075E-01   0.000000E+00   0.143168E-07   0.622210E-06   0.781454E+02   0.170140E+06
  16.8333     7.8333   0.105116E+05   0.945473E+01   0.000000E+00   0.156423E-01   0.160062E-01   0.000000E+00   0.131488E-07   0.596144E-06   0.781403E+02   0.156378E+06
  16.9167     7.9167   0.105116E+05   0.945592E+01   0.000000E+00   0.156400E-01   0.160048E-01   0.000000E+00   0.120077E-07   0.569802E-06   0.781355E+02   0.143050E+06
  17.0000     8.0000   0.105116E+05   0.945699E+01   0.000000E+00   0.156377E-01   0.160034E-01   0.000000E+00   0.108970E-07   0.543193E-06   0.781312E+02   0.130210E+06
  17.0833     8.0833   0.105116E+05   0.945795E+01   0.000000E+00   0.156354E-01   0.160019E-01   0.000000E+00   0.981702E-08   0.516241E-06   0.781271E+02   0.117882E+06
  17.1667     8.1667   0.105116E+05   0.945883E+01   0.000000E+00   0.156330E-01   0.160003E-01   0.000000E+00   0.876994E-08   0.488889E-06   0.781235E+02   0.106092E+06
  17.2500     8.2500   0.105116E+05   0.945966E+01   0.000000E+00   0.156307E-01   0.159986E-01   0.000000E+00   0.775863E-08   0.461085E-06   0.781201E+02   0.948625E+05
  17.3333     8.3333   0.105116E+05   0.946042E+01   0.000000E+00   0.156283E-01   0.159969E-01   0.000000E+00   0.678668E-08   0.432784E-06   0.781171E+02   0.842078E+05
  17.4167     8.4167   0.105116E+05   0.946095E+01   0.000000E+00   0.156258E-01   0.159950E-01   0.000000E+00   0.585839E-08   0.403949E-06   0.781143E+02   0.741378E+05
  17.5000     8.5000   0.105116E+05   0.946161E+01   0.000000E+00   0.156234E-01   0.159931E-01   0.000000E+00   0.497884E-08   0.374559E-06   0.781119E+02   0.646566E+05
  17.5833     8.5833   0.105116E+05   0.946212E+01   0.000000E+00   0.156209E-01   0.159912E-01   0.000000E+00   0.415386E-08   0.344612E-06   0.781097E+02   0.557653E+05
  17.6667     8.6667   0.105116E+05   0.946255E+01   0.000000E+00   0.156184E-01   0.159891E-01   0.000000E+00   0.338997E-08   0.314145E-06   0.781078E+02   0.474643E+05
  17.7500     8.7500   0.105116E+05   0.946275E+01   0.000000E+00   0.156158E-01   0.159869E-01   0.000000E+00   0.269410E-08   0.283237E-06   0.781062E+02   0.397573E+05
  17.8333     8.8333   0.105116E+05   0.946319E+01   0.000000E+00   0.156133E-01   0.159847E-01   0.000000E+00   0.207214E-08   0.251993E-06   0.781048E+02   0.326472E+05
  17.9167     8.9167   0.105116E+05   0.946346E+01   0.000000E+00   0.156106E-01   0.159824E-01   0.000000E+00   0.153259E-08   0.220714E-06   0.781036E+02   0.261725E+05
  18.0000     9.0000   0.105116E+05   0.946366E+01   0.000000E+00   0.156080E-01   0.159800E-01   0.000000E+00   0.107948E-08   0.189729E-06   0.781027E+02   0.203697E+05
  18.0833     9.0833   0.105116E+05   0.946382E+01   0.000000E+00   0.156053E-01   0.159775E-01   0.000000E+00   0.715253E-09   0.159508E-06   0.781019E+02   0.152920E+05
  18.1667     9.1667   0.105116E+05   0.946394E+01   0.000000E+00   0.156025E-01   0.159749E-01   0.000000E+00   0.438736E-09   0.130685E-06   0.781014E+02   0.110052E+05
  18.2500     9.2500   0.105116E+05   0.946403E+01   0.000000E+00   0.155998E-01   0.159722E-01   0.000000E+00   0.243927E-09   0.104053E-06   0.781010E+02   0.756636E+04
  18.3333     9.3333   0.105116E+05   0.946409E+01   0.000000E+00   0.155969E-01   0.159695E-01   0.000000E+00   0.119532E-09   0.805258E-07   0.781007E+02   0.499754E+04
  18.4167     9.4167   0.105116E+05   0.946413E+01   0.000000E+00   0.155940E-01   0.159666E-01   0.000000E+00   0.496994E-10   0.610514E-07   0.781005E+02   0.325334E+04
  18.5000     9.5000   0.105116E+05   0.946415E+01   0.000000E+00   0.155911E-01   0.159637E-01   0.000000E+00   0.165801E-10   0.464133E-07   0.781003E+02   0.220168E+04
  18.5833     9.5833   0.105116E+05   0.946409E+01   0.000000E+00   0.155880E-01   0.159607E-01   0.000000E+00   0.391173E-11   0.368761E-07   0.781002E+02   0.163895E+04
  18.6667     9.6667   0.105116E+05   0.946417E+01   0.000000E+00   0.155849E-01   0.159576E-01   0.000000E+00   0.497000E-12   0.319056E-07   0.781001E+02   0.135640E+04
  18.7500     9.7500   0.105116E+05   0.946420E+01   0.000000E+00   0.155818E-01   0.159545E-01   0.000000E+00   0.142920E-13   0.300052E-07   0.781000E+02   0.120702E+04
  18.8333     9.8333   0.105116E+05   0.946421E+01   0.000000E+00   0.155785E-01   0.159512E-01   0.000000E+00   0.272511E-17   0.294147E-07   0.781000E+02   0.111670E+04
  18.9167     9.9167   0.105116E+05   0.946422E+01   0.000000E+00   0.155752E-01   0.159479E-01   0.000000E+00   0.107536E-21   0.291929E-07   0.780999E+02   0.105489E+04
  19.0000    10.0000   0.105116E+05   0.946423E+01   0.000000E+00   0.155717E-01   0.159444E-01   0.000000E+00   0.102963E-21   0.290717E-07   0.780998E+02   0.100844E+04
  19.0833    10.0833   0.105116E+05   0.946423E+01   0.000000E+00   0.155681E-01   0.159408E-01   0.000000E+00   0.993754E-22   0.289876E-07   0.780998E+02   0.971070E+03
  19.1667    10.1667   0.105116E+05   0.946424E+01   0.000000E+00   0.155645E-01   0.159372E-01   0.000000E+00   0.963984E-22   0.289231E-07   0.780997E+02   0.939567E+03
  19.2500    10.2500   0.105116E+05   0.946425E+01   0.000000E+00   0.155607E-01   0.159334E-01   0.000000E+00   0.938390E-22   0.288718E-07   0.780997E+02   0.912147E+03
  19.3333    10.3333   0.105116E+05   0.946425E+01   0.000000E+00   0.155568E-01   0.159296E-01   0.000000E+00   0.915848E-22   0.288302E-07   0.780996E+02   0.887745E+03
  19.4167    10.4167   0.105116E+05   0.946426E+01   0.000000E+00   0.155528E-01   0.159256E-01   0.000000E+00   0.895647E-22   0.287958E-07   0.780995E+02   0.865683E+03
  19.5000    10.5000   0.105116E+05   0.946427E+01   0.000000E+00   0.155487E-01   0.159215E-01   0.000000E+00   0.877305E-22   0.287670E-07   0.780995E+02   0.845507E+03
  19.5833    10.5833   0.105116E+05   0.946427E+01   0.000000E+00   0.155444E-01   0.159173E-01   0.000000E+00   0.860484E-22   0.287424E-07   0.780994E+02   0.826894E+03
  19.6667    10.6667   0.105116E+05   0.946428E+01   0.000000E+00   0.155400E-01   0.159129E-01   0.000000E+00   0.844935E-22   0.287211E-07   0.780994E+02   0.809611E+03
  19.7500    10.7500   0.105116E+05   0.946428E+01   0.000000E+00   0.155355E-01   0.159084E-01   0.000000E+00   0.830471E-22   0.287022E-07   0.780993E+02   0.793479E+03
  19.8333    10.8333   0.105116E+05   0.946429E+01   0.000000E+00   0.155309E-01   0.159038E-01   0.000000E+00   0.816946E-22   0.286853E-07   0.780993E+02   0.778356E+03
  19.9167    10.9167   0.105116E+05   0.946429E+01   0.000000E+00   0.155261E-01   0.158991E-01   0.000000E+00   0.804245E-22   0.286698E-07   0.780992E+02   0.764131E+03
  20.0000    11.0000   0.105116E+05   0.946430E+01   0.000000E+00   0.155212E-01   0.158942E-01   0.000000E+00   0.792273E-22   0.286555E-07   0.780992E+02   0.750709E+03
  20.0833    11.0833   0.105116E+05   0.946430E+01   0.000000E+00   0.155161E-01   0.158891E-01   0.000000E+00   0.780955E-22   0.286421E-07   0.780991E+02   0.738013E+03
  20.1667    11.1667   0.105116E+05   0.946430E+01   0.000000E+00   0.155108E-01   0.158839E-01   0.000000E+00   0.770225E-22   0.286294E-07   0.780991E+02   0.725977E+03
  20.2500    11.2500   0.105116E+05   0.946431E+01   0.000000E+00   0.155054E-01   0.158785E-01   0.000000E+00   0.760027E-22   0.286173E-07   0.780990E+02   0.714542E+03
  20.3333    11.3333   0.105116E+05   0.946431E+01   0.000000E+00   0.154998E-01   0.158730E-01   0.000000E+00   0.750315E-22   0.286057E-07   0.780990E+02   0.703658E+03
  20.4167    11.4167   0.105116E+05   0.946431E+01   0.000000E+00   0.154941E-01   0.158672E-01   0.000000E+00   0.741048E-22   0.285944E-07   0.780989E+02   0.693282E+03
  20.5000    11.5000   0.105116E+05   0.946432E+01   0.000000E+00   0.154882E-01   0.158614E-01   0.000000E+00   0.732188E-22   0.285834E-07   0.780989E+02   0.683372E+03
  20.5833    11.5833   0.105116E+05   0.946432E+01   0.000000E+00   0.154821E-01   0.158553E-01   0.000000E+00   0.723703E-22   0.285726E-07   0.780988E+02   0.673895E+03
  20.6667    11.6667   0.105116E+05   0.946424E+01   0.000000E+00   0.154758E-01   0.158491E-01   0.000000E+00   0.715566E-22   0.285621E-07   0.780988E+02   0.664819E+03
  20.7500    11.7500   0.105116E+05   0.946431E+01   0.000000E+00   0.154694E-01   0.158426E-01   0.000000E+00   0.707750E-22   0.285517E-07   0.780988E+02   0.656115E+03
  20.8333    11.8333   0.105116E+05   0.946433E+01   0.000000E+00   0.154627E-01   0.158360E-01   0.000000E+00   0.700231E-22   0.285415E-07   0.780987E+02   0.647757E+03
  20.9167    11.9167   0.105116E+05   0.946433E+01   0.000000E+00   0.154558E-01   0.158292E-01   0.000000E+00   0.692989E-22   0.285315E-07   0.780987E+02   0.639721E+03
  21.0000    12.0000   0.105116E+05   0.946434E+01   0.000000E+00   0.154488E-01   0.158221E-01   0.000000E+00   0.686006E-22   0.285215E-07   0.780986E+02   0.631987E+03
  21.0833    12.0833   0.105116E+05   0.946434E+01   0.000000E+00   0.154415E-01   0.158148E-01   0.000000E+00   0.679262E-22   0.285117E-07   0.780986E+02   0.624534E+03
  21.1667    12.1667   0.105116E+05   0.946434E+01   0.000000E+00   0.154339E-01   0.158073E-01   0.000000E+00   0.672743E-22   0.285019E-07   0.780985E+02   0.617345E+03
  21.2500    12.2500   0.105116E+05   0.946434E+01   0.000000E+00   0.154262E-01   0.157996E-01   0.000000E+00   0.666435E-22   0.284922E-07   0.780985E+02   0.610403E+03
  21.3333    12.3333   0.105116E+05   0.946435E+01   0.000000E+00   0.154181E-01   0.157916E-01   0.000000E+00   0.660323E-22   0.284827E-07   0.780985E+02   0.603693E+03
  21.4167    12.4167   0.105116E+05   0.946435E+01   0.000000E+00   0.154099E-01   0.157834E-01   0.000000E+00   0.654396E-22   0.284731E-07   0.780984E+02   0.597201E+03
  21.5000    12.5000   0.105116E+05   0.946435E+01   0.000000E+00   0.154014E-01   0.157750E-01   0.000000E+00   0.648644E-22   0.284637E-07   0.780984E+02   0.590915E+03
  21.5833    12.5833   0.105116E+05   0.946436E+01   0.000000E+00   0.153927E-01   0.157663E-01   0.000000E+00   0.643056E-22   0.284543E-07   0.780983E+02   0.584822E+03
  21.6667    12.6667   0.105116E+05   0.946436E+01   0.000000E+00   0.153838E-01   0.157574E-01   0.000000E+00   0.637621E-22   0.284450E-07   0.780983E+02   0.578912E+03
  21.7500    12.7500   0.105116E+05   0.946436E+01   0.000000E+00   0.153751E-01   0.157487E-01   0.000000E+00   0.632347E-22   0.284357E-07   0.780983E+02   0.573173E+03
  21.8333    12.8333   0.105116E+05   0.946442E+01   0.000000E+00   0.153657E-01   0.157393E-01   0.000000E+00   0.627195E-22   0.284264E-07   0.780982E+02   0.567598E+03
  21.9167    12.9167   0.105116E+05   0.946485E+01   0.000000E+00   0.153561E-01   0.157298E-01   0.000000E+00   0.622176E-22   0.284173E-07   0.780982E+02   0.562177E+03
  22.0000    13.0000   0.105116E+05   0.946496E+01   0.000000E+00   0.153463E-01   0.157200E-01   0.000000E+00   0.617281E-22   0.284081E-07   0.780981E+02   0.556902E+03
  22.0833    13.0833   0.105116E+05   0.946500E+01   0.000000E+00   0.153363E-01   0.157100E-01   0.000000E+00   0.612502E-22   0.283990E-07   0.780981E+02   0.551766E+03
  22.1667    13.1667   0.105116E+05   0.946502E+01   0.000000E+00   0.153260E-01   0.156997E-01   0.000000E+00   0.607832E-22   0.283900E-07   0.780981E+02   0.546761E+03
  22.2500    13.2500   0.105116E+05   0.946502E+01   0.000000E+00   0.153154E-01   0.156892E-01   0.000000E+00   0.603268E-22   0.283810E-07   0.780980E+02   0.541881E+03
  22.3333    13.3333   0.105116E+05   0.946493E+01   0.000000E+00   0.153046E-01   0.156784E-01   0.000000E+00   0.598803E-22   0.283720E-07   0.780980E+02   0.537119E+03
  22.4167    13.4167   0.105116E+05   0.946484E+01   0.000000E+00   0.152936E-01   0.156674E-01   0.000000E+00   0.594432E-22   0.283630E-07   0.780979E+02   0.532471E+03
  22.5000    13.5000   0.105116E+05   0.946477E+01   0.000000E+00   0.152822E-01   0.156561E-01   0.000000E+00   0.590150E-22   0.283541E-07   0.780979E+02   0.527930E+03
  22.5833    13.5833   0.105116E+05   0.946466E+01   0.000000E+00   0.152705E-01   0.156444E-01   0.000000E+00   0.585952E-22   0.283452E-07   0.780979E+02   0.523492E+03
  22.6667    13.6667   0.105116E+05   0.946467E+01   0.000000E+00   0.152585E-01   0.156325E-01   0.000000E+00   0.581834E-22   0.283364E-07   0.780978E+02   0.519152E+03
  22.7500    13.7500   0.105116E+05   0.946465E+01   0.000000E+00   0.152462E-01   0.156202E-01   0.000000E+00   0.577792E-22   0.283276E-07   0.780978E+02   0.514905E+03
  22.8333    13.8333   0.105116E+05   0.946513E+01   0.000000E+00   0.152339E-01   0.156078E-01   0.000000E+00   0.573830E-22   0.283188E-07   0.780978E+02   0.510747E+03
  22.9167    13.9167   0.105116E+05   0.946525E+01   0.000000E+00   0.152215E-01   0.155955E-01   0.000000E+00   0.569945E-22   0.283100E-07   0.780977E+02   0.506675E+03
  23.0000    14.0000   0.105116E+05   0.946530E+01   0.000000E+00   0.152089E-01   0.155830E-01   0.000000E+00   0.566131E-22   0.283013E-07   0.780977E+02   0.502685E+03
  23.0833    14.0833   0.105116E+05   0.946533E+01   0.000000E+00   0.151963E-01   0.155703E-01   0.000000E+00   0.562386E-22   0.282926E-07   0.780977E+02   0.498773E+03
  23.1667    14.1667   0.105116E+05   0.946535E+01   0.000000E+00   0.151835E-01   0.155575E-01   0.000000E+00   0.558705E-22   0.282839E-07   0.780976E+02   0.494937E+03
  23.2500    14.2500   0.105116E+05   0.946528E+01   0.000000E+00   0.151706E-01   0.155448E-01   0.000000E+00   0.555091E-22   0.282752E-07   0.780976E+02   0.491172E+03
  23.3333    14.3333   0.105116E+05   0.946521E+01   0.000000E+00   0.151578E-01   0.155319E-01   0.000000E+00   0.551540E-22   0.282666E-07   0.780976E+02   0.487477E+03
  23.4167    14.4167   0.105116E+05   0.946514E+01   0.000000E+00   0.151445E-01   0.155186E-01   0.000000E+00   0.548039E-22   0.282580E-07   0.780975E+02   0.483848E+03
  23.5000    14.5000   0.105116E+05   0.946510E+01   0.000000E+00   0.151303E-01   0.155045E-01   0.000000E+00   0.544576E-22   0.282494E-07   0.780975E+02   0.480282E+03
  23.5833    14.5833   0.105116E+05   0.946508E+01   0.000000E+00   0.151153E-01   0.154895E-01   0.000000E+00   0.541149E-22   0.282408E-07   0.780975E+02   0.476779E+03
  23.6667    14.6667   0.105116E+05   0.946509E+01   0.000000E+00   0.150994E-01   0.154737E-01   0.000000E+00   0.537758E-22   0.282323E-07   0.780974E+02   0.473334E+03
  23.7500    14.7500   0.105116E+05   0.946518E+01   0.000000E+00   0.150784E-01   0.154528E-01   0.000000E+00   0.534306E-22   0.282238E-07   0.780974E+02   0.469947E+03
  23.8333    14.8333   0.105116E+05   0.946538E+01   0.000000E+00   0.150546E-01   0.154290E-01   0.000000E+00   0.530807E-22   0.282152E-07   0.780974E+02   0.466614E+03
  23.9167    14.9167   0.105116E+05   0.946550E+01   0.000000E+00   0.150378E-01   0.154123E-01   0.000000E+00   0.527544E-22   0.282067E-07   0.780973E+02   0.463335E+03
  24.0000    15.0000   0.105116E+05   0.946543E+01   0.000000E+00   0.150217E-01   0.153961E-01   0.000000E+00   0.524350E-22   0.281983E-07   0.780973E+02   0.460106E+03
   0.0833    15.0833   0.105116E+05   0.946563E+01   0.000000E+00   0.150052E-01   0.153797E-01   0.000000E+00   0.521198E-22   0.281898E-07   0.780973E+02   0.456927E+03
   0.1667    15.1667   0.105116E+05   0.946572E+01   0.000000E+00   0.149887E-01   0.153633E-01   0.000000E+00   0.518090E-22   0.281814E-07   0.780972E+02   0.453796E+03
   0.2500    15.2500   0.105116E+05   0.946579E+01   0.000000E+00   0.149719E-01   0.153465E-01   0.000000E+00   0.515019E-22   0.281730E-07   0.780972E+02   0.450711E+03
   0.3333    15.3333   0.105116E+05   0.946584E+01   0.000000E+00   0.149544E-01   0.153290E-01   0.000000E+00   0.511976E-22   0.281646E-07   0.780972E+02   0.447670E+03
   0.4167    15.4167   0.105116E+05   0.946589E+01   0.000000E+00   0.149356E-01   0.153102E-01   0.000000E+00   0.508945E-22   0.281562E-07   0.780971E+02   0.444673E+03
   0.5000    15.5000   0.105116E+05   0.946595E+01   0.000000E+00   0.149143E-01   0.152890E-01   0.000000E+00   0.505897E-22   0.281478E-07   0.780971E+02   0.441717E+03
   0.5833    15.5833   0.105116E+05   0.946599E+01   0.000000E+00   0.148928E-01   0.152675E-01   0.000000E+00   0.502878E-22   0.281394E-07   0.780971E+02   0.438802E+03
   0.6667    15.6667   0.105116E+05   0.946603E+01   0.000000E+00   0.148744E-01   0.152492E-01   0.000000E+00   0.499970E-22   0.281311E-07   0.780970E+02   0.435926E+03
   0.7500    15.7500   0.105116E+05   0.946607E+01   0.000000E+00   0.148567E-01   0.152316E-01   0.000000E+00   0.497122E-22   0.281228E-07   0.780970E+02   0.433089E+03
   0.8333    15.8333   0.105116E+05   0.946611E+01   0.000000E+00   0.148392E-01   0.152141E-01   0.000000E+00   0.494313E-22   0.281144E-07   0.780970E+02   0.430288E+03
   0.9167    15.9167   0.105116E+05   0.946615E+01   0.000000E+00   0.148216E-01   0.151965E-01   0.000000E+00   0.491538E-22   0.281061E-07   0.780969E+02   0.427523E+03
   1.0000    16.0000   0.105116E+05   0.946618E+01   0.000000E+00   0.148040E-01   0.151789E-01   0.000000E+00   0.488797E-22   0.280979E-07   0.780969E+02   0.424793E+03
   1.0833    16.0833   0.105116E+05   0.946622E+01   0.000000E+00   0.147863E-01   0.151612E-01   0.000000E+00   0.486086E-22   0.280896E-07   0.780969E+02   0.422098E+03
   1.1667    16.1667   0.105116E+05   0.946598E+01   0.000000E+00   0.147687E-01   0.151437E-01   0.000000E+00   0.483412E-22   0.280813E-07   0.780969E+02   0.419434E+03
   1.2500    16.2500   0.105116E+05   0.946622E+01   0.000000E+00   0.147511E-01   0.151260E-01   0.000000E+00   0.480769E-22   0.280731E-07   0.780968E+02   0.416803E+03
   1.3333    16.3333   0.105116E+05   0.946631E+01   0.000000E+00   0.147331E-01   0.151081E-01   0.000000E+00   0.478150E-22   0.280648E-07   0.780968E+02   0.414204E+03
   1.4167    16.4167   0.105116E+05   0.946636E+01   0.000000E+00   0.147145E-01   0.150895E-01   0.000000E+00   0.475548E-22   0.280566E-07   0.780968E+02   0.411634E+03
   1.5000    16.5000   0.105116E+05   0.946640E+01   0.000000E+00   0.146944E-01   0.150694E-01   0.000000E+00   0.472944E-22   0.280484E-07   0.780967E+02   0.409094E+03
   1.5833    16.5833   0.105116E+05   0.946644E+01   0.000000E+00   0.146709E-01   0.150460E-01   0.000000E+00   0.470300E-22   0.280402E-07   0.780967E+02   0.406583E+03
   1.6667    16.6667   0.105116E+05   0.946649E+01   0.000000E+00   0.146475E-01   0.150227E-01   0.000000E+00   0.467677E-22   0.280320E-07   0.780967E+02   0.404101E+03
   1.7500    16.7500   0.105116E+05   0.946653E+01   0.000000E+00   0.146287E-01   0.150040E-01   0.000000E+00   0.465181E-22   0.280239E-07   0.780967E+02   0.401645E+03
   1.8333    16.8333   0.105116E+05   0.946656E+01   0.000000E+00   0.146114E-01   0.149866E-01   0.000000E+00   0.462747E-22   0.280157E-07   0.780966E+02   0.399216E+03
   1.9167    16.9167   0.105116E+05   0.946659E+01   0.000000E+00   0.145943E-01   0.149696E-01   0.000000E+00   0.460346E-22   0.280075E-07   0.780966E+02   0.396814E+03
   2.0000    17.0000   0.105116E+05   0.946663E+01   0.000000E+00   0.145775E-01   0.149528E-01   0.000000E+00   0.457975E-22   0.279994E-07   0.780966E+02   0.394437E+03
   2.0833    17.0833   0.105116E+05   0.946666E+01   0.000000E+00   0.145606E-01   0.149359E-01   0.000000E+00   0.455628E-22   0.279913E-07   0.780965E+02   0.392084E+03
   2.1667    17.1667   0.105116E+05   0.946669E+01   0.000000E+00   0.145441E-01   0.149195E-01   0.000000E+00   0.453315E-22   0.279831E-07   0.780965E+02   0.389756E+03
   2.2500    17.2500   0.105116E+05   0.946651E+01   0.000000E+00   0.145280E-01   0.149034E-01   0.000000E+00   0.451033E-22   0.279750E-07   0.780965E+02   0.387452E+03
   2.3333    17.3333   0.105116E+05   0.946670E+01   0.000000E+00   0.145120E-01   0.148874E-01   0.000000E+00   0.448775E-22   0.279669E-07   0.780965E+02   0.385171E+03
   2.4167    17.4167   0.105116E+05   0.946677E+01   0.000000E+00   0.144959E-01   0.148713E-01   0.000000E+00   0.446539E-22   0.279588E-07   0.780964E+02   0.382913E+03
   2.5000    17.5000   0.105116E+05   0.946681E+01   0.000000E+00   0.144796E-01   0.148550E-01   0.000000E+00   0.444321E-22   0.279508E-07   0.780964E+02   0.380677E+03
   2.5833    17.5833   0.105116E+05   0.946685E+01   0.000000E+00   0.144624E-01   0.148378E-01   0.000000E+00   0.442109E-22   0.279427E-07   0.780964E+02   0.378463E+03
   2.6667    17.6667   0.105116E+05   0.946689E+01   0.000000E+00   0.144430E-01   0.148185E-01   0.000000E+00   0.439878E-22   0.279346E-07   0.780964E+02   0.376270E+03
   2.7500    17.7500   0.105116E+05   0.946693E+01   0.000000E+00   0.144208E-01   0.147963E-01   0.000000E+00   0.437610E-22   0.279266E-07   0.780963E+02   0.374098E+03
   2.8333    17.8333   0.105116E+05   0.946697E+01   0.000000E+00   0.144026E-01   0.147782E-01   0.000000E+00   0.435432E-22   0.279185E-07   0.780963E+02   0.371946E+03
   2.9167    17.9167   0.105116E+05   0.946700E+01   0.000000E+00   0.143880E-01   0.147637E-01   0.000000E+00   0.433352E-22   0.279105E-07   0.780963E+02   0.369815E+03
   3.0000    18.0000   0.105116E+05   0.946703E+01   0.000000E+00   0.143744E-01   0.147500E-01   0.000000E+00   0.431312E-22   0.279025E-07   0.780962E+02   0.367703E+03
   3.0833    18.0833   0.105116E+05   0.946705E+01   0.000000E+00   0.143611E-01   0.147368E-01   0.000000E+00   0.429298E-22   0.278945E-07   0.780962E+02   0.365611E+03
   3.1667    18.1667   0.105116E+05   0.946708E+01   0.000000E+00   0.143479E-01   0.147236E-01   0.000000E+00   0.427304E-22   0.278865E-07   0.780962E+02   0.363537E+03
   3.2500    18.2500   0.105116E+05   0.946696E+01   0.000000E+00   0.143407E-01   0.147165E-01   0.000000E+00   0.425439E-22   0.278785E-07   0.780962E+02   0.361482E+03
   3.3333    18.3333   0.105116E+05   0.946709E+01   0.000000E+00   0.143282E-01   0.147040E-01   0.000000E+00   0.423498E-22   0.278705E-07   0.780961E+02   0.359445E+03
   3.4167    18.4167   0.105116E+05   0.946714E+01   0.000000E+00   0.143155E-01   0.146914E-01   0.000000E+00   0.421567E-22   0.278625E-07   0.780961E+02   0.357426E+03
   3.5000    18.5000   0.105116E+05   0.946717E+01   0.000000E+00   0.143030E-01   0.146788E-01   0.000000E+00   0.419655E-22   0.278545E-07   0.780961E+02   0.355424E+03
   3.5833    18.5833   0.105116E+05   0.946720E+01   0.000000E+00   0.142907E-01   0.146666E-01   0.000000E+00   0.417766E-22   0.278465E-07   0.780961E+02   0.353440E+03
   3.6667    18.6667   0.105116E+05   0.946723E+01   0.000000E+00   0.142788E-01   0.146546E-01   0.000000E+00   0.415898E-22   0.278386E-07   0.780960E+02   0.351472E+03
   3.7500    18.7500   0.105116E+05   0.946725E+01   0.000000E+00   0.142670E-01   0.146428E-01   0.000000E+00   0.414050E-22   0.278306E-07   0.780960E+02   0.349522E+03
   3.8333    18.8333   0.105116E+05   0.946728E+01   0.000000E+00   0.142551E-01   0.146310E-01   0.000000E+00   0.412216E-22   0.278227E-07   0.780960E+02   0.347587E+03
   3.9167    18.9167   0.105116E+05   0.946730E+01   0.000000E+00   0.142424E-01   0.146183E-01   0.000000E+00   0.410385E-22   0.278148E-07   0.780960E+02   0.345669E+03
   4.0000    19.0000   0.105116E+05   0.946733E+01   0.000000E+00   0.142269E-01   0.146029E-01   0.000000E+00   0.408522E-22   0.278068E-07   0.780959E+02   0.343766E+03
   4.0833    19.0833   0.105116E+05   0.946737E+01   0.000000E+00   0.142102E-01   0.145862E-01   0.000000E+00   0.406644E-22   0.277989E-07   0.780959E+02   0.341879E+03
   4.1667    19.1667   0.105116E+05   0.946716E+01   0.000000E+00   0.142248E-01   0.146009E-01   0.000000E+00   0.405438E-22   0.277910E-07   0.780959E+02   0.340008E+03
   4.2500    19.2500   0.105116E+05   0.946736E+01   0.000000E+00   0.141901E-01   0.145662E-01   0.000000E+00   0.403181E-22   0.277831E-07   0.780959E+02   0.338151E+03
   4.3333    19.3333   0.105116E+05   0.946742E+01   0.000000E+00   0.141801E-01   0.145562E-01   0.000000E+00   0.401462E-22   0.277752E-07   0.780958E+02   0.336309E+03
   4.4167    19.4167   0.105116E+05   0.946745E+01   0.000000E+00   0.141721E-01   0.145482E-01   0.000000E+00   0.399800E-22   0.277673E-07   0.780958E+02   0.334482E+03
   4.5000    19.5000   0.105116E+05   0.946747E+01   0.000000E+00   0.141645E-01   0.145407E-01   0.000000E+00   0.398160E-22   0.277594E-07   0.780958E+02   0.332669E+03
   4.5833    19.5833   0.105116E+05   0.946749E+01   0.000000E+00   0.141573E-01   0.145334E-01   0.000000E+00   0.396537E-22   0.277516E-07   0.780958E+02   0.330870E+03
   4.6667    19.6667   0.105116E+05   0.946750E+01   0.000000E+00   0.141503E-01   0.145264E-01   0.000000E+00   0.394932E-22   0.277437E-07   0.780957E+02   0.329085E+03
   4.7500    19.7500   0.105116E+05   0.946752E+01   0.000000E+00   0.141434E-01   0.145196E-01   0.000000E+00   0.393343E-22   0.277358E-07   0.780957E+02   0.327313E+03
   4.8333    19.8333   0.105116E+05   0.946754E+01   0.000000E+00   0.141365E-01   0.145127E-01   0.000000E+00   0.391765E-22   0.277280E-07   0.780957E+02   0.325556E+03
   4.9167    19.9167   0.105116E+05   0.946755E+01   0.000000E+00   0.141292E-01   0.145055E-01   0.000000E+00   0.390193E-22   0.277201E-07   0.780957E+02   0.323811E+03
   5.0000    20.0000   0.105116E+05   0.946757E+01   0.000000E+00   0.141199E-01   0.144962E-01   0.000000E+00   0.388603E-22   0.277123E-07   0.780957E+02   0.322080E+03
   5.0833    20.0833   0.105116E+05   0.946725E+01   0.000000E+00   0.141094E-01   0.144857E-01   0.000000E+00   0.386997E-22   0.277044E-07   0.780956E+02   0.320361E+03
   5.1667    20.1667   0.105116E+05   0.946752E+01   0.000000E+00   0.141031E-01   0.144795E-01   0.000000E+00   0.877177E-18   0.276966E-07   0.780956E+02   0.318656E+03
   5.2500    20.2500   0.105116E+05   0.946759E+01   0.000000E+00   0.140987E-01   0.144751E-01   0.000000E+00   0.918602E-14   0.276905E-07   0.780956E+02   0.316964E+03
   5.3333    20.3333   0.105116E+05   0.946762E+01   0.000000E+00   0.140947E-01   0.144712E-01   0.000000E+00   0.370497E-12   0.277885E-07   0.780956E+02   0.315615E+03
   5.4167    20.4167   0.105116E+05   0.946764E+01   0.000000E+00   0.140909E-01   0.144674E-01   0.000000E+00   0.276454E-11   0.287074E-07   0.780955E+02   0.322569E+03
   5.5000    20.5000   0.105116E+05   0.946765E+01   0.000000E+00   0.140872E-01   0.144637E-01   0.000000E+00   0.105661E-10   0.319572E-07   0.780955E+02   0.390128E+03
   5.5833    20.5833   0.105116E+05   0.946766E+01   0.000000E+00   0.140835E-01   0.144601E-01   0.000000E+00   0.299829E-10   0.390045E-07   0.780955E+02   0.673105E+03
   5.6667    20.6667   0.105116E+05   0.946767E+01   0.000000E+00   0.140794E-01   0.144560E-01   0.000000E+00   0.718283E-10   0.505720E-07   0.780954E+02   0.144764E+04
   5.7500    20.7500   0.105116E+05   0.946770E+01   0.000000E+00   0.140721E-01   0.144488E-01   0.000000E+00   0.151017E-09   0.666074E-07   0.780954E+02   0.306093E+04
   5.8333    20.8333   0.105116E+05   0.946773E+01   0.000000E+00   0.140650E-01   0.144418E-01   0.000000E+00   0.282791E-09   0.864327E-07   0.780952E+02   0.582252E+04
   5.9167    20.9167   0.105116E+05   0.946778E+01   0.000000E+00   0.140627E-01   0.144397E-01   0.000000E+00   0.479755E-09   0.109174E-06   0.780949E+02   0.988445E+04
   6.0000    21.0000   0.105116E+05   0.946785E+01   0.000000E+00   0.140611E-01   0.144383E-01   0.000000E+00   0.749465E-09   0.133885E-06   0.780944E+02   0.151647E+05
   6.0833    21.0833   0.105116E+05   0.946796E+01   0.000000E+00   0.140595E-01   0.144369E-01   0.000000E+00   0.109396E-08   0.159712E-06   0.780937E+02   0.213936E+05
   6.1667    21.1667   0.105116E+05   0.946811E+01   0.000000E+00   0.140590E-01   0.144367E-01   0.000000E+00   0.151129E-08   0.186038E-06   0.780928E+02   0.282792E+05
   6.2500    21.2500   0.105116E+05   0.946832E+01   0.000000E+00   0.140588E-01   0.144368E-01   0.000000E+00   0.199682E-08   0.212485E-06   0.780916E+02   0.356583E+05
   6.3333    21.3333   0.105116E+05   0.946857E+01   0.000000E+00   0.140585E-01   0.144369E-01   0.000000E+00   0.254618E-08   0.238817E-06   0.780902E+02   0.435054E+05
   6.4167    21.4167   0.105116E+05   0.946889E+01   0.000000E+00   0.140582E-01   0.144370E-01   0.000000E+00   0.315377E-08   0.264950E-06   0.780885E+02   0.518741E+05
   6.5000    21.5000   0.105116E+05   0.946927E+01   0.000000E+00   0.140579E-01   0.144372E-01   0.000000E+00   0.381252E-08   0.290711E-06   0.780865E+02   0.607967E+05
   6.5833    21.5833   0.105116E+05   0.946971E+01   0.000000E+00   0.140575E-01   0.144374E-01   0.000000E+00   0.451475E-08   0.315943E-06   0.780843E+02   0.702876E+05
   6.6667    21.6667   0.105116E+05   0.947023E+01   0.000000E+00   0.140571E-01   0.144375E-01   0.000000E+00   0.525249E-08   0.340513E-06   0.780818E+02   0.803465E+05
   6.7500    21.7500   0.105116E+05   0.947085E+01   0.000000E+00   0.140567E-01   0.144377E-01   0.000000E+00   0.601797E-08   0.364325E-06   0.780789E+02   0.909653E+05
   6.8333    21.8333   0.105116E+05   0.947154E+01   0.000000E+00   0.140563E-01   0.144380E-01   0.000000E+00   0.680395E-08   0.387317E-06   0.780758E+02   0.102132E+06
   6.9167    21.9167   0.105116E+05   0.947230E+01   0.000000E+00   0.140558E-01   0.144383E-01   0.000000E+00   0.760387E-08   0.409457E-06   0.780723E+02   0.113832E+06
   7.0000    22.0000   0.105116E+05   0.947314E+01   0.000000E+00   0.140554E-01   0.144387E-01   0.000000E+00   0.841178E-08   0.430731E-06   0.780686E+02   0.126048E+06
   7.0833    22.0833   0.105116E+05   0.947407E+01   0.000000E+00   0.140550E-01   0.144391E-01   0.000000E+00   0.922232E-08   0.451138E-06   0.780644E+02   0.138758E+06
   7.1667    22.1667   0.105116E+05   0.947509E+01   0.000000E+00   0.140545E-01   0.144395E-01   0.000000E+00   0.100299E-07   0.470673E-06   0.780600E+02   0.151935E+06
   7.2500    22.2500   0.105116E+05   0.947622E+01   0.000000E+00   0.140540E-01   0.144399E-01   0.000000E+00   0.108304E-07   0.489325E-06   0.780551E+02   0.165549E+06
   7.3333    22.3333   0.105116E+05   0.947744E+01   0.000000E+00   0.140535E-01   0.144404E-01   0.000000E+00   0.116230E-07   0.507170E-06   0.780500E+02   0.179592E+06
   7.4167    22.4167   0.105116E+05   0.947876E+01   0.000000E+00   0.140530E-01   0.144409E-01   0.000000E+00   0.124007E-07   0.524223E-06   0.780444E+02   0.194023E+06
   7.5000    22.5000   0.105116E+05   0.948019E+01   0.000000E+00   0.140525E-01   0.144414E-01   0.000000E+00   0.131603E-07   0.540398E-06   0.780385E+02   0.208789E+06
   7.5833    22.5833   0.105116E+05   0.948173E+01   0.000000E+00   0.140519E-01   0.144419E-01   0.000000E+00   0.138996E-07   0.555757E-06   0.780322E+02   0.223870E+06
   7.6667    22.6667   0.105116E+05   0.948339E+01   0.000000E+00   0.140513E-01   0.144424E-01   0.000000E+00   0.146156E-07   0.570298E-06   0.780255E+02   0.239228E+06
   7.7500    22.7500   0.105116E+05   0.948515E+01   0.000000E+00   0.140507E-01   0.144430E-01   0.000000E+00   0.153068E-07   0.584032E-06   0.780184E+02   0.254830E+06
   7.8333    22.8333   0.105116E+05   0.948703E+01   0.000000E+00   0.140501E-01   0.144436E-01   0.000000E+00   0.159702E-07   0.596966E-06   0.780109E+02   0.270639E+06
   7.9167    22.9167   0.105116E+05   0.948902E+01   0.000000E+00   0.140495E-01   0.144442E-01   0.000000E+00   0.166039E-07   0.609095E-06   0.780030E+02   0.286619E+06
   8.0000    23.0000   0.105116E+05   0.949113E+01   0.000000E+00   0.140488E-01   0.144448E-01   0.000000E+00   0.172050E-07   0.620401E-06   0.779947E+02   0.302729E+06
   8.0833    23.0833   0.105116E+05   0.949335E+01   0.000000E+00   0.140481E-01   0.144454E-01   0.000000E+00   0.177746E-07   0.630934E-06   0.779861E+02   0.318951E+06
   8.1667    23.1667   0.105116E+05   0.949569E+01   0.000000E+00   0.140475E-01   0.144460E-01   0.000000E+00   0.183106E-07   0.640690E-06   0.779770E+02   0.335247E+06
   8.2500    23.2500   0.105116E+05   0.949815E+01   0.000000E+00   0.140468E-01   0.144467E-01   0.000000E+00   0.188131E-07   0.649688E-06   0.779675E+02   0.351593E+06
   8.3333    23.3333   0.105116E+05   0.950073E+01   0.000000E+00   0.140460E-01   0.144474E-01   0.000000E+00   0.192794E-07   0.657917E-06   0.779577E+02   0.367946E+06
   8.4167    23.4167   0.105116E+05   0.950342E+01   0.000000E+00   0.140453E-01   0.144481E-01   0.000000E+00   0.197094E-07   0.665375E-06   0.779474E+02   0.384283E+06
   8.5000    23.5000   0.105116E+05   0.950622E+01   0.000000E+00   0.140446E-01   0.144488E-01   0.000000E+00   0.201032E-07   0.672086E-06   0.779368E+02   0.400579E+06
   8.5833    23.5833   0.105116E+05   0.950914E+01   0.000000E+00   0.140438E-01   0.144495E-01   0.000000E+00   0.204606E-07   0.678065E-06   0.779257E+02   0.416809E+06
   8.6667    23.6667   0.105116E+05   0.951217E+01   0.000000E+00   0.140431E-01   0.144502E-01   0.000000E+00   0.207818E-07   0.683324E-06   0.779143E+02   0.432947E+06
   8.7500    23.7500   0.105116E+05   0.951532E+01   0.000000E+00   0.140423E-01   0.144510E-01   0.000000E+00   0.210673E-07   0.687884E-06   0.779025E+02   0.448974E+06
   8.8333    23.8333   0.105116E+05   0.951857E+01   0.000000E+00   0.140415E-01   0.144517E-01   0.000000E+00   0.213173E-07   0.691761E-06   0.778904E+02   0.464866E+06
   8.9167    23.9167   0.105116E+05   0.952194E+01   0.000000E+00   0.140407E-01   0.144525E-01   0.000000E+00   0.215327E-07   0.694974E-06   0.778778E+02   0.480604E+06
   9.0000    24.0000   0.105116E+05   0.952540E+01   0.000000E+00   0.140398E-01   0.144533E-01   0.000000E+00   0.217141E-07   0.697544E-06   0.778650E+02   0.496170E+06
