  0.999824367367438     
   1.05571203019804     
   1.11472367255806     
   1.17703391703155     
   1.24282714716500     
   1.31229805308058     
   1.38565220758766     
   1.46310667449773     
   1.54489065094235     
   1.63124614559523     
   1.72242869480514     
   1.81870811875885     
   1.92036931991171     
   2.02771312604843     
   2.14105718046888     
   2.26073688193300     
   2.38710637714630     
   2.52053960872276     
   2.66143142172626     
   2.81019873206483     
   2.96728176019522     
   3.13314533378848     
   3.30828026321123     
   3.49320479389287     
   3.68846613987643     
   3.89464210309113     
   4.11234278313811     
   4.34221238264890     
   4.58493111355893     
   4.84121720993685     
   5.11182905332597     
   5.39756741688694     
   5.69927783498237     
   6.01785310521517     
   6.35423593032465     
   6.70942170775788     
   7.08446147517105     
   7.48046502057698     
   7.89860416634206     
   8.34011623675021     
   8.80630771939512     
   9.29855813123492     
   9.81832410074967     
   10.3671436782812     
   10.9466408873097     
   11.5585305301362     
   12.2046232621891     
   12.8868309499730     
   13.6071723285127     
   14.3677789750342     
   15.1709016165594     
   16.0189167900793     
   16.9143338750146     
   17.8598025187725     
   18.8581204773740     
   19.9122418943519     
   21.0252860424187     
   22.2005465537720     
   23.4415011663498     
   24.7518220148780     
   26.1353864971610     
   27.5962887477700     
   29.1388517530828     
   30.7676401435229     
   32.4874737008527     
   34.3034416204904     
   36.2209175710547     
   38.2455755956997     
   40.3834069022949     
   42.6407375921330     
   45.0242473796291     
   47.5409893584027     
   50.1984108722346     
   53.0043755526578     
   55.9671865883934     
   59.0956112954901     
   62.3989070608722     
   65.8868487360670     
   69.5697575621718     
   73.4585317116546     
   77.5646785373633     
   81.9003486241748     
   86.4783717440440     
   91.3122948208502     
   96.4164220173830     
   101.805857063089     
   107.496547947832     
   113.505334113927     
   119.849996286081     
   126.549309086711     
   133.623096592316     
   141.092290995325     
   148.978994544975     
   157.306544950548     
   166.099584440465     
   175.384132681626     
   185.187663774749     
   195.539187553551     
   206.469335428360     
   218.010451028154     
   230.196685909277     
   243.064100614015     
   256.650771378109     
   270.996902802932     
   286.144946825770     
   302.139728340234     
   319.028577838541     
   336.861471468163     
   355.691178917286     
   375.573419566701     
   396.567027370187     
   418.734124951291     
   442.140307431683     
   466.854836535054     
   492.950845540922     
   520.505555694857     
   549.600504715477     
   580.321788074417     
   612.760313763236     
   647.012071301156     
   683.178415779656     
   721.366367784438     
   761.688930082279     
   804.265422009883     
   849.221832554218     
   896.691193169165     
   946.813971431671     
   999.738486702293     
