  0.0000     0.279697E+01   0.000000E+00   0.325660E-11   0.651320E-11   0.000000E+00   0.000000E+00
  0.0000     0.317637E+01   0.000000E+00   0.375738E-10   0.751485E-10   0.000000E+00   0.000000E+00
  0.0000     0.360724E+01   0.000000E+00   0.375787E-09   0.751575E-09   0.000000E+00   0.000000E+00
  0.0000     0.409655E+01   0.166668E+01   0.325784E-08   0.651568E-08   0.000000E+00   0.000000E+00
  0.0000     0.465223E+01   0.855140E+01   0.244823E-07   0.489646E-07   0.000000E+00   0.000000E+00
  0.0000     0.528330E+01   0.314262E+02   0.159471E-06   0.318943E-06   0.000000E+00   0.000000E+00
  0.0000     0.599996E+01   0.121157E+03   0.900479E-06   0.180096E-05   0.000000E+00   0.791165E-05
  0.0000     0.681384E+01   0.404877E+03   0.440739E-05   0.881478E-05   0.000000E+00   0.387233E-04
  0.0000     0.773812E+01   0.117282E+04   0.186991E-04   0.373982E-04   0.000000E+00   0.164290E-03
  0.0000     0.878777E+01   0.294488E+04   0.687667E-04   0.137533E-03   0.000000E+00   0.604190E-03
  0.0000     0.997981E+01   0.640965E+04   0.219224E-03   0.438449E-03   0.000000E+00   0.192609E-02
  0.0000     0.113335E+02   0.120932E+05   0.605791E-03   0.121158E-02   0.000000E+00   0.532245E-02
  0.0000     0.128709E+02   0.197775E+05   0.145105E-02   0.290211E-02   0.000000E+00   0.127489E-01
  0.0000     0.146168E+02   0.280374E+05   0.301286E-02   0.602572E-02   0.000000E+00   0.264709E-01
  0.0000     0.165995E+02   0.341520E+05   0.537506E-02   0.107501E-01   0.000000E+00   0.472254E-01
  0.0000     0.188512E+02   0.359774E+05   0.829337E-02   0.165867E-01   0.000000E+00   0.728653E-01
  0.0000     0.214083E+02   0.341244E+05   0.115214E-01   0.230428E-01   0.000000E+00   0.101226E+00
  0.0000     0.243123E+02   0.259534E+05   0.128340E-01   0.256680E-01   0.000000E+00   0.112758E+00
  0.0000     0.276102E+02   0.184090E+05   0.133333E-01   0.266666E-01   0.000000E+00   0.117143E+00
  0.0000     0.313555E+02   0.125463E+05   0.133096E-01   0.266193E-01   0.000000E+00   0.116933E+00
  0.0000     0.356087E+02   0.852113E+04   0.132403E-01   0.264806E-01   0.000000E+00   0.116321E+00
  0.0000     0.404390E+02   0.626852E+04   0.142675E-01   0.285349E-01   0.000000E+00   0.125335E+00
  0.0000     0.459244E+02   0.520856E+04   0.173650E-01   0.347301E-01   0.000000E+00   0.152536E+00
  0.0000     0.521539E+02   0.466522E+04   0.227831E-01   0.455662E-01   0.000000E+00   0.200114E+00
  0.0000     0.592285E+02   0.412963E+04   0.295417E-01   0.590833E-01   0.000000E+00   0.259457E+00
  0.0000     0.672626E+02   0.349751E+04   0.366504E-01   0.733008E-01   0.000000E+00   0.321859E+00
  0.0000     0.763866E+02   0.280095E+04   0.429968E-01   0.859937E-01   0.000000E+00   0.377548E+00
  0.0000     0.867483E+02   0.210308E+04   0.472950E-01   0.945899E-01   0.000000E+00   0.415229E+00
  0.0000     0.985154E+02   0.162395E+04   0.534906E-01   0.106981E+00   0.000000E+00   0.469613E+00
  0.0000     0.111879E+03   0.144875E+04   0.698909E-01   0.139782E+00   0.000000E+00   0.613604E+00
  0.0000     0.127055E+03   0.131984E+04   0.932527E-01   0.186505E+00   0.000000E+00   0.818729E+00
  0.0000     0.144289E+03   0.115683E+04   0.119711E+00   0.239421E+00   0.000000E+00   0.105103E+01
  0.0000     0.163862E+03   0.919587E+03   0.139382E+00   0.278764E+00   0.000000E+00   0.122371E+01
  0.0000     0.186089E+03   0.640980E+03   0.142328E+00   0.284656E+00   0.000000E+00   0.124938E+01
  0.0000     0.211332E+03   0.446050E+03   0.145080E+00   0.290160E+00   0.000000E+00   0.127345E+01
  0.0000     0.239998E+03   0.315689E+03   0.150406E+00   0.300812E+00   0.000000E+00   0.132010E+01
  0.0000     0.272554E+03   0.208504E+03   0.145487E+00   0.290974E+00   0.000000E+00   0.127697E+01
  0.0000     0.309525E+03   0.125830E+03   0.128572E+00   0.257144E+00   0.000000E+00   0.112864E+01
  0.0000     0.351511E+03   0.761959E+02   0.113980E+00   0.227961E+00   0.000000E+00   0.100084E+01
  0.0000     0.399192E+03   0.403491E+02   0.883813E-01   0.176763E+00   0.000000E+00   0.776175E+00
  0.0000     0.453342E+03   0.208573E+02   0.669020E-01   0.133804E+00   0.000000E+00   0.587608E+00
  0.0000     0.514836E+03   0.101787E+02   0.478097E-01   0.956195E-01   0.000000E+00   0.419972E+00
  0.0000     0.584672E+03   0.469048E+01   0.322641E-01   0.645281E-01   0.000000E+00   0.283437E+00
  0.0000     0.663982E+03   0.204093E+01   0.205600E-01   0.411200E-01   0.000000E+00   0.180628E+00
  2.0000     0.279697E+01   0.000000E+00   0.378746E-13   0.757491E-13   0.000000E+00   0.000000E+00
  2.0000     0.317637E+01   0.571995E-03   0.630762E-12   0.126154E-11   0.000000E+00   0.000000E+00
  2.0000     0.360724E+01   0.682452E-02   0.110223E-10   0.220446E-10   0.000000E+00   0.000000E+00
  2.0000     0.409655E+01   0.880670E-01   0.165145E-09   0.330291E-09   0.000000E+00   0.000000E+00
  2.0000     0.465223E+01   0.338790E+00   0.886242E-09   0.177248E-08   0.000000E+00   0.000000E+00
  2.0000     0.528330E+01   0.174462E+00   0.575131E-09   0.115026E-08   0.000000E+00   0.000000E+00
  2.0000     0.599996E+01   0.746749E-01   0.240154E-09   0.473650E-09   0.920667E-12   0.918685E-10
  2.0000     0.681384E+01   0.105764E+00   0.441938E-09   0.884406E-09   0.530326E-12   0.544109E-08
  2.0000     0.773812E+01   0.713462E+00   0.369613E-08   0.739749E-08   0.522477E-11   0.496568E-07
  2.0000     0.878777E+01   0.775812E+00   0.710609E-08   0.142220E-07   0.980594E-11   0.838306E-07
  2.0000     0.997981E+01   0.207946E+00   0.689001E-08   0.137800E-07   0.000000E+00   0.000000E+00
  2.0000     0.113335E+02   0.258091E+00   0.134164E-07   0.268355E-07   0.269456E-11   0.990395E-07
  2.0000     0.128709E+02   0.940098E+00   0.677501E-07   0.135524E-06   0.241892E-10   0.508303E-06
  2.0000     0.146168E+02   0.298498E+01   0.295621E-06   0.493633E-06   0.404120E-10   0.207410E-05
  2.0000     0.165995E+02   0.735313E+01   0.100714E-05   0.165568E-05   0.163228E-09   0.720921E-05
  2.0000     0.188512E+02   0.155739E+02   0.285093E-05   0.466837E-05   0.645788E-09   0.211109E-04
  2.0000     0.214083E+02   0.338536E+02   0.761672E-05   0.126364E-04   0.199752E-08   0.612704E-04
  2.0000     0.243123E+02   0.937580E+02   0.199856E-04   0.183597E-04   0.207228E-06   0.211577E-03
  2.0000     0.276102E+02   0.275056E+03   0.452255E-04   0.778213E-04   0.230797E-06   0.714528E-03
  2.0000     0.313555E+02   0.782457E+03   0.926788E-04   0.597154E-05   0.683556E-04   0.268598E-02
  2.0000     0.356087E+02   0.211655E+04   0.217474E-03   0.434962E-03   0.131471E-07   0.104831E-01
  2.0000     0.404390E+02   0.530532E+04   0.617670E-03   0.681146E-04   0.838168E-03   0.351333E-01
  2.0000     0.459244E+02   0.111933E+05   0.182308E-02   0.364632E-02   0.156870E-06   0.112299E+00
  2.0000     0.521539E+02   0.182571E+05   0.465561E-02   0.581513E-03   0.559749E-02   0.253105E+00
  2.0000     0.592285E+02   0.211237E+05   0.909433E-02   0.181892E-01   0.575536E-06   0.455661E+00
  2.0000     0.672626E+02   0.166899E+05   0.130293E-01   0.110167E-02   0.132286E-01   0.502653E+00
  2.0000     0.763866E+02   0.938961E+04   0.146363E-01   0.147590E-01   0.101511E-02   0.426562E+00
  2.0000     0.867483E+02   0.487743E+04   0.158644E-01   0.252690E-01   0.229577E-03   0.340633E+00
  2.0000     0.985154E+02   0.366751E+04   0.219414E-01   0.344487E-01   0.233764E-03   0.395331E+00
  2.0000     0.111879E+03   0.311516E+04   0.321371E-01   0.499418E-01   0.273895E-03   0.510853E+00
  2.0000     0.127055E+03   0.243448E+04   0.431577E-01   0.663753E-01   0.299917E-03   0.610374E+00
  2.0000     0.144289E+03   0.170431E+04   0.523405E-01   0.796352E-01   0.297929E-03   0.658886E+00
  2.0000     0.163862E+03   0.164009E+04   0.958079E-01   0.143558E+00   0.417734E-03   0.103795E+01
  2.0000     0.186089E+03   0.114108E+04   0.119312E+00   0.177956E+00   0.429153E-03   0.116658E+01
  2.0000     0.211332E+03   0.648024E+03   0.115963E+00   0.172423E+00   0.361701E-03   0.104592E+01
  2.0000     0.239998E+03   0.415798E+03   0.124019E+00   0.184088E+00   0.351742E-03   0.105796E+01
  2.0000     0.272554E+03   0.279374E+03   0.130450E+00   0.193475E+00   0.349740E-03   0.107821E+01
  2.0000     0.309525E+03   0.167211E+03   0.118762E+00   0.176093E+00   0.310181E-03   0.970482E+00
  2.0000     0.351511E+03   0.885346E+02   0.929505E-01   0.137808E+00   0.241004E-03   0.762006E+00
  2.0000     0.399192E+03   0.442539E+02   0.683850E-01   0.100831E+00   0.162895E-03   0.565638E+00
  2.0000     0.453342E+03   0.211967E+02   0.484609E-01   0.610091E-01   0.153729E-04   0.408000E+00
  2.0000     0.514836E+03   0.958593E+01   0.321589E-01   0.269150E-01   0.567391E-06   0.300858E+00
  2.0000     0.584672E+03   0.405840E+01   0.196912E-01   0.773314E-02   0.129217E-06   0.220933E+00
  2.0000     0.663982E+03   0.269872E+01   0.213318E-01   0.427011E-01   0.376261E-04   0.195168E+00
  4.0000     0.279697E+01   0.000000E+00   0.793733E-15   0.158747E-14   0.000000E+00   0.000000E+00
  4.0000     0.317637E+01   0.167636E-04   0.184859E-13   0.369722E-13   0.000000E+00   0.000000E+00
  4.0000     0.360724E+01   0.321343E-03   0.519003E-12   0.103801E-11   0.000000E+00   0.000000E+00
  4.0000     0.409655E+01   0.665145E-02   0.126483E-10   0.252966E-10   0.000000E+00   0.000000E+00
  4.0000     0.465223E+01   0.273915E-01   0.721347E-10   0.144269E-09   0.000000E+00   0.000000E+00
  4.0000     0.528330E+01   0.431938E-01   0.150342E-09   0.300683E-09   0.000000E+00   0.000000E+00
  4.0000     0.599996E+01   0.495918E-01   0.265599E-09   0.480309E-09   0.611544E-12   0.000000E+00
  4.0000     0.681384E+01   0.463011E-01   0.399714E-09   0.799434E-09   0.412751E-14   0.000000E+00
  4.0000     0.773812E+01   0.911848E-01   0.126483E-08   0.253095E-08   0.128061E-11   0.999741E-08
  4.0000     0.878777E+01   0.643560E-01   0.150922E-08   0.301961E-08   0.116726E-11   0.112583E-07
  4.0000     0.997981E+01   0.145091E+01   0.512813E-07   0.102563E-06   0.000000E+00   0.000000E+00
  4.0000     0.113335E+02   0.429989E+00   0.228016E-07   0.456167E-07   0.135523E-10   0.167166E-06
  4.0000     0.128709E+02   0.188621E+01   0.136700E-06   0.273523E-06   0.123955E-09   0.102186E-05
  4.0000     0.146168E+02   0.617516E+01   0.624344E-06   0.109523E-05   0.123844E-09   0.433363E-05
  4.0000     0.165995E+02   0.142962E+02   0.203703E-05   0.346983E-05   0.373445E-09   0.143473E-04
  4.0000     0.188512E+02   0.293519E+02   0.577176E-05   0.970945E-05   0.146313E-08   0.414127E-04
  4.0000     0.214083E+02   0.504665E+02   0.138311E-04   0.230350E-04   0.613832E-08   0.100630E-03
  4.0000     0.243123E+02   0.784866E+02   0.295891E-04   0.395593E-04   0.153229E-06   0.222705E-03
  4.0000     0.276102E+02   0.108518E+03   0.572213E-04   0.792580E-04   0.286241E-06   0.436593E-03
  4.0000     0.313555E+02   0.165276E+03   0.117078E-03   0.179122E-03   0.324817E-06   0.914114E-03
  4.0000     0.356087E+02   0.461349E+03   0.331712E-03   0.565320E-03   0.351148E-06   0.322503E-02
  4.0000     0.404390E+02   0.135842E+04   0.832702E-03   0.120088E-02   0.120192E-04   0.117591E-01
  4.0000     0.459244E+02   0.248794E+04   0.140656E-02   0.157550E-02   0.266514E-07   0.333789E-01
  4.0000     0.521539E+02   0.499659E+04   0.306325E-02   0.302047E-03   0.259944E-02   0.781146E-01
  4.0000     0.592285E+02   0.780477E+04   0.589223E-02   0.119587E-01   0.174226E-03   0.174495E+00
  4.0000     0.672626E+02   0.825092E+04   0.966862E-02   0.196253E-01   0.288048E-03   0.274499E+00
  4.0000     0.763866E+02   0.582913E+04   0.127169E-01   0.256841E-01   0.250274E-03   0.293218E+00
  4.0000     0.867483E+02   0.403439E+04   0.172201E-01   0.276183E-01   0.310423E-03   0.305367E+00
  4.0000     0.985154E+02   0.227975E+04   0.186398E-01   0.294600E-01   0.232220E-03   0.269122E+00
  4.0000     0.111879E+03   0.180228E+04   0.250711E-01   0.393050E-01   0.260303E-03   0.326055E+00
  4.0000     0.127055E+03   0.157743E+04   0.351383E-01   0.548142E-01   0.327068E-03   0.428849E+00
  4.0000     0.144289E+03   0.125463E+04   0.457519E-01   0.709268E-01   0.374465E-03   0.518016E+00
  4.0000     0.163862E+03   0.122777E+04   0.756412E-01   0.116260E+00   0.528897E-03   0.783583E+00
  4.0000     0.186089E+03   0.748175E+03   0.839404E-01   0.127641E+00   0.482516E-03   0.773938E+00
  4.0000     0.211332E+03   0.547576E+03   0.101874E+00   0.153887E+00   0.522539E-03   0.879083E+00
  4.0000     0.239998E+03   0.325298E+03   0.103263E+00   0.155066E+00   0.469104E-03   0.826272E+00
  4.0000     0.272554E+03   0.220551E+03   0.110634E+00   0.165738E+00   0.475712E-03   0.857093E+00
  4.0000     0.309525E+03   0.129854E+03   0.981982E-01   0.147057E+00   0.413774E-03   0.753272E+00
  4.0000     0.351511E+03   0.651558E+02   0.719962E-01   0.107877E+00   0.305211E-03   0.557567E+00
  4.0000     0.399192E+03   0.289411E+02   0.465881E-01   0.698926E-01   0.200143E-03   0.366064E+00
  4.0000     0.453342E+03   0.130168E+02   0.307035E-01   0.461047E-01   0.132552E-03   0.243666E+00
  4.0000     0.514836E+03   0.536244E+01   0.182708E-01   0.274431E-01   0.797556E-04   0.147616E+00
  4.0000     0.584672E+03   0.214599E+01   0.105222E-01   0.157998E-01   0.462324E-04   0.864856E-01
  4.0000     0.663982E+03   0.117938E+01   0.931811E-02   0.127481E-01   0.127664E-04   0.787638E-01
  6.0000     0.279697E+01   0.000000E+00   0.603223E-16   0.120645E-15   0.000000E+00   0.000000E+00
  6.0000     0.317637E+01   0.155591E-05   0.171577E-14   0.343158E-14   0.000000E+00   0.000000E+00
  6.0000     0.360724E+01   0.390168E-04   0.630162E-13   0.126032E-12   0.000000E+00   0.000000E+00
  6.0000     0.409655E+01   0.984418E-03   0.187195E-11   0.374391E-11   0.000000E+00   0.000000E+00
  6.0000     0.465223E+01   0.459511E-02   0.121011E-10   0.242022E-10   0.000000E+00   0.000000E+00
  6.0000     0.528330E+01   0.885322E-02   0.315466E-10   0.630932E-10   0.000000E+00   0.000000E+00
  6.0000     0.599996E+01   0.134264E-01   0.809623E-10   0.150549E-09   0.136702E-12   0.000000E+00
  6.0000     0.681384E+01   0.273334E-01   0.313286E-09   0.626579E-09   0.102317E-14   0.000000E+00
  6.0000     0.773812E+01   0.493588E-01   0.895633E-09   0.179145E-08   0.186866E-12   0.000000E+00
  6.0000     0.878777E+01   0.380556E-01   0.986450E-09   0.197304E-08   0.138501E-12   0.702531E-08
  6.0000     0.997981E+01   0.833942E+00   0.282743E-07   0.565486E-07   0.000000E+00   0.000000E+00
  6.0000     0.113335E+02   0.596988E+00   0.286957E-07   0.574010E-07   0.949709E-11   0.209471E-06
  6.0000     0.128709E+02   0.179857E+01   0.123558E-06   0.247224E-06   0.108445E-09   0.908939E-06
  6.0000     0.146168E+02   0.525370E+01   0.509765E-06   0.958296E-06   0.546439E-09   0.342488E-05
  6.0000     0.165995E+02   0.126935E+02   0.173014E-05   0.293061E-05   0.133546E-09   0.120759E-04
  6.0000     0.188512E+02   0.272192E+02   0.505119E-05   0.914743E-05   0.486612E-08   0.350753E-04
  6.0000     0.214083E+02   0.505381E+02   0.128559E-04   0.228793E-04   0.178159E-07   0.907096E-04
  6.0000     0.243123E+02   0.831462E+02   0.286628E-04   0.336421E-04   0.626958E-06   0.215098E-03
  6.0000     0.276102E+02   0.120825E+03   0.578461E-04   0.715636E-04   0.124677E-05   0.440595E-03
  6.0000     0.313555E+02   0.161585E+03   0.109689E-03   0.157611E-03   0.154584E-05   0.822991E-03
  6.0000     0.356087E+02   0.205558E+03   0.201028E-03   0.300837E-03   0.224095E-05   0.149134E-02
  6.0000     0.404390E+02   0.336413E+03   0.428810E-03   0.648396E-03   0.534810E-05   0.337676E-02
  6.0000     0.459244E+02   0.924512E+03   0.126936E-02   0.196066E-02   0.213415E-04   0.117955E-01
  6.0000     0.521539E+02   0.201206E+04   0.294106E-02   0.465211E-02   0.699761E-04   0.332313E-01
  6.0000     0.592285E+02   0.308238E+04   0.530623E-02   0.849030E-02   0.171263E-03   0.698674E-01
  6.0000     0.672626E+02   0.362280E+04   0.844279E-02   0.141439E-01   0.238639E-03   0.117863E+00
  6.0000     0.763866E+02   0.314273E+04   0.121140E-01   0.194203E-01   0.382836E-03   0.156658E+00
  6.0000     0.867483E+02   0.231974E+04   0.159447E-01   0.253116E-01   0.414020E-03   0.183432E+00
  6.0000     0.985154E+02   0.172198E+04   0.200997E-01   0.316654E-01   0.444335E-03   0.210626E+00
  6.0000     0.111879E+03   0.117275E+04   0.236751E-01   0.370145E-01   0.450237E-03   0.226841E+00
  6.0000     0.127055E+03   0.102311E+04   0.326383E-01   0.508889E-01   0.584625E-03   0.301461E+00
  6.0000     0.144289E+03   0.885723E+03   0.438649E-01   0.682562E-01   0.749880E-03   0.393655E+00
  6.0000     0.163862E+03   0.918098E+03   0.712850E-01   0.110648E+00   0.115974E-02   0.622368E+00
  6.0000     0.186089E+03   0.550733E+03   0.747042E-01   0.115209E+00   0.106654E-02   0.602165E+00
  6.0000     0.211332E+03   0.410974E+03   0.893741E-01   0.137393E+00   0.119597E-02   0.693861E+00
  6.0000     0.239998E+03   0.279401E+03   0.989411E-01   0.151600E+00   0.122671E-02   0.733395E+00
  6.0000     0.272554E+03   0.178766E+03   0.998739E-01   0.152814E+00   0.118187E-02   0.720061E+00
  6.0000     0.309525E+03   0.107891E+03   0.898933E-01   0.137506E+00   0.104903E-02   0.645224E+00
  6.0000     0.351511E+03   0.507501E+02   0.616813E-01   0.944738E-01   0.725374E-03   0.446691E+00
  6.0000     0.399192E+03   0.209661E+02   0.370704E-01   0.569099E-01   0.442857E-03   0.272118E+00
  6.0000     0.453342E+03   0.860479E+01   0.222568E-01   0.342531E-01   0.269424E-03   0.165457E+00
  6.0000     0.514836E+03   0.328740E+01   0.120789E-01   0.186240E-01   0.150155E-03   0.921749E-01
  6.0000     0.584672E+03   0.117659E+01   0.609303E-02   0.941138E-02   0.782945E-04   0.480664E-01
  6.0000     0.663982E+03   0.566807E+00   0.451803E-02   0.698088E-02   0.604830E-04   0.374538E-01
  8.0000     0.279697E+01   0.000000E+00   0.737035E-17   0.147407E-16   0.000000E+00   0.000000E+00
  8.0000     0.317637E+01   0.220886E-06   0.243579E-15   0.487165E-15   0.000000E+00   0.000000E+00
  8.0000     0.360724E+01   0.671577E-05   0.108467E-13   0.216933E-13   0.000000E+00   0.000000E+00
  8.0000     0.409655E+01   0.195214E-03   0.371217E-12   0.742433E-12   0.000000E+00   0.000000E+00
  8.0000     0.465223E+01   0.996352E-03   0.262386E-11   0.524773E-11   0.000000E+00   0.000000E+00
  8.0000     0.528330E+01   0.244099E-02   0.945105E-11   0.189022E-10   0.000000E+00   0.000000E+00
  8.0000     0.599996E+01   0.602835E-02   0.442118E-10   0.854014E-10   0.363188E-13   0.000000E+00
  8.0000     0.681384E+01   0.243560E-01   0.313033E-09   0.626073E-09   0.292492E-15   0.000000E+00
  8.0000     0.773812E+01   0.355624E-01   0.628569E-09   0.125714E-08   0.552562E-14   0.000000E+00
  8.0000     0.878777E+01   0.364871E-01   0.866047E-09   0.173210E-08   0.265342E-14   0.616466E-08
  8.0000     0.997981E+01   0.261714E+00   0.896705E-08   0.179341E-07   0.000000E+00   0.000000E+00
  8.0000     0.113335E+02   0.382850E+00   0.189878E-07   0.379757E-07   0.737007E-19   0.135347E-06
  8.0000     0.128709E+02   0.123589E+01   0.865135E-07   0.173027E-06   0.891160E-16   0.620470E-06
  8.0000     0.146168E+02   0.361044E+01   0.355537E-06   0.508692E-06   0.494813E-08   0.227702E-05
  8.0000     0.165995E+02   0.862050E+01   0.119306E-05   0.208066E-05   0.127890E-09   0.826139E-05
  8.0000     0.188512E+02   0.179319E+02   0.337510E-05   0.623816E-05   0.121338E-07   0.222541E-04
  8.0000     0.214083E+02   0.332042E+02   0.853372E-05   0.151433E-04   0.473116E-07   0.567248E-04
  8.0000     0.243123E+02   0.549315E+02   0.189124E-04   0.188996E-04   0.952029E-06   0.136505E-03
  8.0000     0.276102E+02   0.836016E+02   0.390724E-04   0.409181E-04   0.198400E-05   0.285774E-03
  8.0000     0.313555E+02   0.119818E+03   0.766990E-04   0.873751E-04   0.361337E-05   0.566421E-03
  8.0000     0.356087E+02   0.166478E+03   0.149520E-03   0.226400E-03   0.296399E-05   0.105617E-02
  8.0000     0.404390E+02   0.219873E+03   0.286482E-03   0.437506E-03   0.559003E-05   0.202669E-02
  8.0000     0.459244E+02   0.287913E+03   0.557672E-03   0.853752E-03   0.110770E-04   0.394564E-02
  8.0000     0.521539E+02   0.394208E+03   0.108970E-02   0.167400E-02   0.223427E-04   0.779332E-02
  8.0000     0.592285E+02   0.647010E+03   0.224327E-02   0.347204E-02   0.506858E-04   0.168889E-01
  8.0000     0.672626E+02   0.131639E+04   0.515478E-02   0.807693E-02   0.138986E-03   0.428242E-01
  8.0000     0.763866E+02   0.204560E+04   0.997535E-02   0.157707E-01   0.308701E-03   0.892418E-01
  8.0000     0.867483E+02   0.214882E+04   0.151611E-01   0.240321E-01   0.486548E-03   0.137816E+00
  8.0000     0.985154E+02   0.177764E+04   0.195328E-01   0.309387E-01   0.611770E-03   0.174502E+00
  8.0000     0.111879E+03   0.130409E+04   0.239657E-01   0.378223E-01   0.697146E-03   0.204509E+00
  8.0000     0.127055E+03   0.979684E+03   0.302849E-01   0.476148E-01   0.815369E-03   0.246449E+00
  8.0000     0.144289E+03   0.767365E+03   0.386563E-01   0.606492E-01   0.990373E-03   0.304885E+00
  8.0000     0.163862E+03   0.862371E+03   0.690049E-01   0.108110E+00   0.171213E-02   0.535221E+00
  8.0000     0.186089E+03   0.564599E+03   0.763811E-01   0.119328E+00   0.177101E-02   0.568068E+00
  8.0000     0.211332E+03   0.376066E+03   0.835005E-01   0.130200E+00   0.183807E-02   0.601908E+00
  8.0000     0.239998E+03   0.271490E+03   0.965887E-01   0.150411E+00   0.203781E-02   0.679150E+00
  8.0000     0.272554E+03   0.179004E+03   0.100026E+00   0.155641E+00   0.203883E-02   0.689864E+00
  8.0000     0.309525E+03   0.104591E+03   0.884872E-01   0.137673E+00   0.177607E-02   0.606880E+00
  8.0000     0.351511E+03   0.497717E+02   0.620698E-01   0.966365E-01   0.124469E-02   0.427505E+00
  8.0000     0.399192E+03   0.189532E+02   0.350559E-01   0.546972E-01   0.707400E-03   0.243067E+00
  8.0000     0.453342E+03   0.711510E+01   0.195824E-01   0.306385E-01   0.397747E-03   0.136727E+00
  8.0000     0.514836E+03   0.253719E+01   0.100067E-01   0.156906E-01   0.207591E-03   0.713743E-01
  8.0000     0.584672E+03   0.785396E+00   0.437578E-02   0.688406E-02   0.943606E-04   0.322715E-01
  8.0000     0.663982E+03   0.320611E+00   0.262526E-02   0.414499E-02   0.616610E-04   0.208593E-01
 10.0000     0.279697E+01   0.000000E+00   0.107812E-17   0.215625E-17   0.000000E+00   0.000000E+00
 10.0000     0.317637E+01   0.368715E-07   0.406597E-16   0.813205E-16   0.000000E+00   0.000000E+00
 10.0000     0.360724E+01   0.132070E-05   0.213307E-14   0.426614E-14   0.000000E+00   0.000000E+00
 10.0000     0.409655E+01   0.432951E-04   0.823294E-13   0.164659E-12   0.000000E+00   0.000000E+00
 10.0000     0.465223E+01   0.238340E-03   0.627662E-12   0.125532E-11   0.000000E+00   0.000000E+00
 10.0000     0.528330E+01   0.928399E-03   0.428100E-11   0.856206E-11   0.000000E+00   0.000000E+00
 10.0000     0.599996E+01   0.423026E-02   0.357856E-10   0.707135E-10   0.103076E-13   0.000000E+00
 10.0000     0.681384E+01   0.242258E-01   0.322441E-09   0.644890E-09   0.883328E-16   0.000000E+00
 10.0000     0.773812E+01   0.420777E-01   0.758288E-09   0.151658E-08   0.227706E-15   0.000000E+00
 10.0000     0.878777E+01   0.366058E-01   0.919492E-09   0.183898E-08   0.661341E-16   0.646844E-08
 10.0000     0.997981E+01   0.385361E+00   0.133201E-07   0.266402E-07   0.000000E+00   0.000000E+00
 10.0000     0.113335E+02   0.451207E+00   0.225251E-07   0.450502E-07   0.842664E-19   0.159644E-06
 10.0000     0.128709E+02   0.385583E+01   0.270367E-06   0.540734E-06   0.000000E+00   0.000000E+00
 10.0000     0.146168E+02   0.413378E+01   0.414265E-06   0.603802E-06   0.664498E-08   0.264360E-05
 10.0000     0.165995E+02   0.104139E+02   0.145899E-05   0.217387E-05   0.236500E-07   0.935340E-05
 10.0000     0.188512E+02   0.222852E+02   0.425938E-05   0.641454E-05   0.719461E-07   0.275739E-04
 10.0000     0.214083E+02   0.404307E+02   0.106338E-04   0.161375E-04   0.187712E-06   0.695236E-04
 10.0000     0.243123E+02   0.642097E+02   0.228855E-04   0.175455E-04   0.197554E-05   0.164375E-03
 10.0000     0.276102E+02   0.948887E+02   0.466052E-04   0.661458E-04   0.126956E-05   0.320864E-03
 10.0000     0.313555E+02   0.129628E+03   0.888460E-04   0.985372E-04   0.495756E-05   0.639420E-03
 10.0000     0.356087E+02   0.171507E+03   0.168279E-03   0.259020E-03   0.364468E-05   0.114948E-02
 10.0000     0.404390E+02   0.217591E+03   0.314122E-03   0.487470E-03   0.666613E-05   0.214163E-02
 10.0000     0.459244E+02   0.281021E+03   0.606209E-03   0.942767E-03   0.130733E-04   0.412943E-02
 10.0000     0.521539E+02   0.371344E+03   0.117664E-02   0.183407E-02   0.257964E-04   0.802809E-02
 10.0000     0.592285E+02   0.484400E+03   0.222708E-02   0.347907E-02   0.496823E-04   0.152481E-01
 10.0000     0.672626E+02   0.627670E+03   0.407430E-02   0.638022E-02   0.930508E-04   0.281323E-01
 10.0000     0.763866E+02   0.860377E+03   0.735254E-02   0.115565E-01   0.176109E-03   0.519881E-01
 10.0000     0.867483E+02   0.127110E+04   0.134442E-01   0.212450E-01   0.348129E-03   0.991361E-01
 10.0000     0.985154E+02   0.154285E+04   0.208655E-01   0.331337E-01   0.580855E-03   0.159935E+00
 10.0000     0.111879E+03   0.129844E+04   0.260566E-01   0.414188E-01   0.732262E-03   0.200013E+00
 10.0000     0.127055E+03   0.966665E+03   0.313750E-01   0.498131E-01   0.854426E-03   0.235708E+00
 10.0000     0.144289E+03   0.743805E+03   0.393902E-01   0.624574E-01   0.103481E-02   0.289102E+00
 10.0000     0.163862E+03   0.761613E+03   0.648122E-01   0.102610E+00   0.164211E-02   0.466269E+00
 10.0000     0.186089E+03   0.530782E+03   0.751833E-01   0.118884E+00   0.182998E-02   0.527455E+00
 10.0000     0.211332E+03   0.369401E+03   0.846227E-01   0.133694E+00   0.199224E-02   0.582214E+00
 10.0000     0.239998E+03   0.252934E+03   0.931331E-01   0.147106E+00   0.213080E-02   0.629941E+00
 10.0000     0.272554E+03   0.174489E+03   0.996067E-01   0.157307E+00   0.223113E-02   0.666769E+00
 10.0000     0.309525E+03   0.101154E+03   0.872314E-01   0.137783E+00   0.192892E-02   0.581560E+00
 10.0000     0.351511E+03   0.476880E+02   0.608881E-01   0.962216E-01   0.134056E-02   0.406860E+00
 10.0000     0.399192E+03   0.177855E+02   0.340364E-01   0.538750E-01   0.747608E-03   0.227860E+00
 10.0000     0.453342E+03   0.627335E+01   0.182018E-01   0.288825E-01   0.398637E-03   0.121979E+00
 10.0000     0.514836E+03   0.211568E+01   0.893153E-02   0.141978E-01   0.197130E-03   0.606102E-01
 10.0000     0.584672E+03   0.592233E+00   0.359226E-02   0.572862E-02   0.811586E-04   0.249247E-01
 10.0000     0.663982E+03   0.201512E+00   0.175574E-02   0.281250E-02   0.433006E-04   0.130945E-01
 12.0000     0.279697E+01   0.000000E+00   0.179527E-18   0.359055E-18   0.000000E+00   0.000000E+00
 12.0000     0.317637E+01   0.689886E-08   0.760765E-17   0.152155E-16   0.000000E+00   0.000000E+00
 12.0000     0.360724E+01   0.285009E-06   0.460319E-15   0.920637E-15   0.000000E+00   0.000000E+00
 12.0000     0.409655E+01   0.103730E-04   0.197252E-13   0.394504E-13   0.000000E+00   0.000000E+00
 12.0000     0.465223E+01   0.609830E-04   0.160597E-12   0.321194E-12   0.000000E+00   0.000000E+00
 12.0000     0.528330E+01   0.546568E-03   0.300623E-11   0.601253E-11   0.000000E+00   0.000000E+00
 12.0000     0.599996E+01   0.381464E-02   0.342261E-10   0.681977E-10   0.305788E-14   0.000000E+00
 12.0000     0.681384E+01   0.246799E-01   0.331895E-09   0.663798E-09   0.276626E-16   0.000000E+00
 12.0000     0.773812E+01   0.491051E-01   0.898946E-09   0.179789E-08   0.127566E-16   0.000000E+00
 12.0000     0.878777E+01   0.311256E-01   0.788238E-09   0.157648E-08   0.180303E-17   0.437945E-08
 12.0000     0.997981E+01   0.493793E+00   0.170937E-07   0.341873E-07   0.000000E+00   0.000000E+00
 12.0000     0.113335E+02   0.528205E+00   0.263265E-07   0.526530E-07   0.173157E-15   0.185741E-06
 12.0000     0.128709E+02   0.487158E+01   0.342514E-06   0.685028E-06   0.000000E+00   0.000000E+00
 12.0000     0.146168E+02   0.460771E+01   0.461313E-06   0.922770E-06   0.143211E-09   0.327579E-05
 12.0000     0.165995E+02   0.122528E+02   0.171287E-05   0.343277E-05   0.703543E-08   0.122330E-04
 12.0000     0.188512E+02   0.264386E+02   0.506573E-05   0.745304E-05   0.111426E-06   0.330831E-04
 12.0000     0.214083E+02   0.478270E+02   0.126353E-04   0.194606E-04   0.253239E-06   0.822050E-04
 12.0000     0.243123E+02   0.777843E+02   0.279368E-04   0.434193E-04   0.576662E-06   0.183343E-03
 12.0000     0.276102E+02   0.111785E+03   0.556869E-04   0.869599E-04   0.119498E-05   0.368541E-03
 12.0000     0.313555E+02   0.147424E+03   0.103261E-03   0.117072E-03   0.606257E-05   0.729857E-03
 12.0000     0.356087E+02   0.190832E+03   0.192851E-03   0.301049E-03   0.462974E-05   0.129660E-02
 12.0000     0.404390E+02   0.237935E+03   0.356157E-03   0.560985E-03   0.835461E-05   0.238809E-02
 12.0000     0.459244E+02   0.302772E+03   0.680933E-03   0.107467E-02   0.162198E-04   0.456110E-02
 12.0000     0.521539E+02   0.394089E+03   0.130987E-02   0.207142E-02   0.316835E-04   0.878088E-02
 12.0000     0.592285E+02   0.504866E+03   0.245575E-02   0.389081E-02   0.602931E-04   0.164926E-01
 12.0000     0.672626E+02   0.627966E+03   0.442184E-02   0.701831E-02   0.110189E-03   0.297884E-01
 12.0000     0.763866E+02   0.751105E+03   0.756443E-02   0.120270E-01   0.191556E-03   0.512021E-01
 12.0000     0.867483E+02   0.881589E+03   0.123790E-01   0.197196E-01   0.320384E-03   0.845376E-01
 12.0000     0.985154E+02   0.105359E+04   0.192800E-01   0.308009E-01   0.519600E-03   0.134465E+00
 12.0000     0.111879E+03   0.110811E+04   0.276280E-01   0.442383E-01   0.768890E-03   0.195643E+00
 12.0000     0.127055E+03   0.917195E+03   0.343239E-01   0.549953E-01   0.956983E-03   0.242524E+00
 12.0000     0.144289E+03   0.692783E+03   0.410965E-01   0.658389E-01   0.112852E-02   0.287035E+00
 12.0000     0.163862E+03   0.692996E+03   0.652081E-01   0.104364E+00   0.174119E-02   0.448463E+00
 12.0000     0.186089E+03   0.469204E+03   0.730132E-01   0.116801E+00   0.189399E-02   0.492867E+00
 12.0000     0.211332E+03   0.345202E+03   0.848077E-01   0.135649E+00   0.215746E-02   0.566387E+00
 12.0000     0.239998E+03   0.239166E+03   0.931622E-01   0.149052E+00   0.232491E-02   0.615365E+00
 12.0000     0.272554E+03   0.162851E+03   0.976328E-01   0.156254E+00   0.240159E-02   0.640827E+00
 12.0000     0.309525E+03   0.959361E+02   0.860746E-01   0.137791E+00   0.209574E-02   0.563789E+00
 12.0000     0.351511E+03   0.441108E+02   0.585606E-01   0.937963E-01   0.141744E-02   0.384019E+00
 12.0000     0.399192E+03   0.164235E+02   0.327497E-01   0.525237E-01   0.787694E-03   0.214786E+00
 12.0000     0.453342E+03   0.563863E+01   0.171992E-01   0.276445E-01   0.410131E-03   0.112589E+00
 12.0000     0.514836E+03   0.183879E+01   0.825295E-02   0.132832E-01   0.196120E-03   0.543441E-01
 12.0000     0.584672E+03   0.484356E+00   0.317904E-02   0.513040E-02   0.760508E-04   0.211785E-01
 12.0000     0.663982E+03   0.140848E+00   0.133220E-02   0.215791E-02   0.337804E-04   0.934028E-02
